
TIME STEP:
80 = 1ms

VOLTAGE STEP:
32 = 0.1V

N	CH1

1	176
2	176
3	176
4	176
5	175
6	174
7	174
8	173
9	173
10	173
11	172
12	171
13	171
14	170
15	170
16	169
17	169
18	168
19	168
20	168
21	168
22	168
23	168
24	167
25	167
26	167
27	167
28	167
29	167
30	167
31	167
32	167
33	167
34	168
35	168
36	168
37	168
38	169
39	170
40	170
41	170
42	171
43	171
44	172
45	172
46	173
47	173
48	174
49	174
50	174
51	176
52	176
53	176
54	176
55	176
56	177
57	177
58	177
59	177
60	177
61	177
62	178
63	177
64	177
65	177
66	178
67	177
68	177
69	177
70	177
71	176
72	176
73	176
74	174
75	174
76	173
77	173
78	172
79	172
80	171
81	171
82	171
83	170
84	170
85	169
86	169
87	169
88	169
89	168
90	167
91	168
92	167
93	167
94	167
95	167
96	167
97	167
98	167
99	167
100	167
101	167
102	167
103	167
104	168
105	168
106	169
107	169
108	170
109	170
110	171
111	171
112	172
113	172
114	173
115	173
116	174
117	174
118	175
119	175
120	175
121	176
122	176
123	176
124	176
125	177
126	177
127	177
128	177
129	177
130	178
131	177
132	177
133	178
134	178
135	177
136	177
137	177
138	176
139	176
140	176
141	175
142	175
143	174
144	174
145	173
146	173
147	172
148	172
149	171
150	171
151	170
152	170
153	170
154	169
155	169
156	168
157	168
158	168
159	168
160	168
161	167
162	168
163	167
164	167
165	167
166	167
167	167
168	167
169	167
170	167
171	167
172	168
173	168
174	168
175	169
176	169
177	170
178	170
179	171
180	172
181	172
182	173
183	173
184	174
185	174
186	174
187	175
188	175
189	176
190	176
191	176
192	176
193	177
194	177
195	177
196	177
197	177
198	178
199	177
200	178
201	178
202	178
203	177
204	177
205	177
206	177
207	177
208	176
209	176
210	175
211	175
212	174
213	174
214	173
215	173
216	172
217	172
218	171
219	171
220	170
221	170
222	170
223	169
224	169
225	169
226	168
227	168
228	168
229	168
230	167
231	167
232	167
233	167
234	167
235	167
236	167
237	167
238	168
239	168
240	168
241	168
242	168
243	169
244	169
245	170
246	170
247	171
248	172
249	172
250	172
251	173
252	173
253	174
254	174
255	175
256	175
257	176
258	176
259	176
260	176
261	176
262	177
263	177
264	177
265	178
266	177
267	178
268	178
269	178
270	178
271	177
272	177
273	178
274	177
275	177
276	177
277	176
278	176
279	175
280	174
281	175
282	174
283	173
284	173
285	172
286	172
287	171
288	171
289	170
290	170
291	169
292	169
293	169
294	168
295	168
296	168
297	168
298	168
299	167
300	168
301	167
302	167
303	167
304	167
305	167
306	167
307	168
308	168
309	168
310	168
311	169
312	169
313	169
314	170
315	170
316	171
317	172
318	172
319	173
320	173
321	174
322	174
323	174
324	175
325	175
326	176
327	176
328	176
329	176
330	177
331	177
332	177
333	177
334	177
335	178
336	178
337	178
338	178
339	177
340	178
341	177
342	177
343	177
344	177
345	176
346	176
347	175
348	175
349	174
350	174
351	173
352	173
353	172
354	172
355	172
356	171
357	170
358	170
359	169
360	169
361	169
362	169
363	169
364	169
365	168
366	168
367	168
368	167
369	167
370	167
371	167
372	167
373	167
374	167
375	167
376	168
377	168
378	168
379	169
380	169
381	170
382	170
383	170
384	171
385	171
386	172
387	172
388	173
389	173
390	174
391	174
392	175
393	175
394	176
395	176
396	176
397	176
398	176
399	177
400	177
401	177
402	177
403	178
404	178
405	178
406	178
407	178
408	178
409	178
410	177
411	177
412	176
413	176
414	176
415	175
416	175
417	175
418	174
419	174
420	173
421	172
422	172
423	172
424	171
425	170
426	170
427	170
428	169
429	169
430	168
431	168
432	168
433	168
434	168
435	168
436	168
437	168
438	167
439	167
440	167
441	167
442	167
443	167
444	167
445	168
446	168
447	168
448	168
449	169
450	170
451	170
452	170
453	171
454	172
455	172
456	173
457	173
458	174
459	174
460	174
461	174
462	175
463	175
464	176
465	176
466	176
467	177
468	177
469	177
470	177
471	177
472	177
473	178
474	178
475	178
476	178
477	177
478	177
479	177
480	177
481	176
482	176
483	176
484	175
485	175
486	174
487	174
488	173
489	173
490	172
491	172
492	171
493	171
494	170
495	170
496	170
497	169
498	169
499	169
500	168
501	168
502	168
503	168
504	168
505	168
506	167
507	167
508	167
509	167
510	167
511	167
512	167
513	167
514	168
515	168
516	168
517	169
518	169
519	170
520	170
521	171
522	171
523	172
524	172
525	172
526	173
527	173
528	174
529	174
530	175
531	175
532	176
533	176
534	176
535	177
536	177
537	177
538	177
539	177
540	178
541	178
542	178
543	178
544	178
545	178
546	177
547	177
548	177
549	177
550	177
551	176
552	176
553	175
554	175
555	174
556	174
557	173
558	172
559	172
560	172
561	171
562	171
563	171
564	170
565	170
566	169
567	169
568	168
569	168
570	168
571	168
572	168
573	168
574	168
575	167
576	167
577	167
578	167
579	167
580	167
581	167
582	168
583	168
584	168
585	168
586	169
587	169
588	170
589	170
590	171
591	171
592	172
593	172
594	173
595	173
596	174
597	174
598	174
599	175
600	176
601	176
602	176
603	176
604	176
605	177
606	177
607	177
608	177
609	177
610	178
611	177
612	177
613	177
614	178
615	177
616	177
617	177
618	177
619	176
620	176
621	175
622	175
623	174
624	174
625	173
626	173
627	172
628	172
629	171
630	171
631	171
632	170
633	170
634	169
635	169
636	169
637	168
638	168
639	168
640	168
641	168
642	168
643	167
644	167
645	167
646	167
647	167
648	167
649	167
650	167
651	168
652	168
653	169
654	169
655	169
656	170
657	170
658	171
659	171
660	172
661	172
662	172
663	173
664	174
665	174
666	174
667	175
668	175
669	176
670	176
671	176
672	176
673	177
674	177
675	177
676	177
677	177
678	177
679	177
680	177
681	178
682	177
683	177
684	178
685	177
686	177
687	176
688	176
689	176
690	175
691	175
692	174
693	174
694	173
695	173
696	172
697	171
698	171
699	171
700	170
701	170
702	170
703	169
704	169
705	169
706	168
707	168
708	168
709	168
710	168
711	167
712	167
713	168
714	167
715	167
716	167
717	167
718	168
719	167
720	167
721	168
722	168
723	169
724	169
725	170
726	171
727	171
728	171
729	172
730	172
731	172
732	174
733	174
734	174
735	174
736	175
737	175
738	176
739	176
740	176
741	177
742	176
743	176
744	177
745	177
746	177
747	177
748	178
749	177
750	177
751	177
752	177
753	177
754	177
755	176
756	176
757	176
758	175
759	175
760	174
761	174
762	173
763	173
764	172
765	172
766	171
767	171
768	170
769	170
770	170
771	169
772	169
773	169
774	168
775	168
776	168
777	168
778	167
779	167
780	167
781	167
782	167
783	167
784	167
785	167
786	167
787	167
788	167
789	168
790	168
791	168
792	169
793	170
794	170
795	170
796	171
797	171
798	172
799	172
800	173
801	174
802	174
803	174
804	175
805	175
806	175
807	175
808	176
809	176
810	176
811	177
812	177
813	177
814	177
815	177
816	177
817	177
818	177
819	177
820	177
821	177
822	177
823	177
824	176
825	176
826	176
827	175
828	175
829	174
830	174
831	173
832	172
833	172
834	172
835	171
836	170
837	170
838	170
839	169
840	169
841	169
842	168
843	168
844	168
845	168
846	168
847	168
848	167
849	167
850	167
851	167
852	167
853	167
854	167
855	167
856	167
857	168
858	168
859	168
860	169
861	169
862	170
863	170
864	170
865	171
866	171
867	172
868	172
869	173
870	174
871	174
872	174
873	175
874	175
875	175
876	176
877	176
878	176
879	176
880	176
881	177
882	177
883	177
884	177
885	177
886	177
887	177
888	178
889	177
890	177
891	176
892	176
893	176
894	176
895	176
896	175
897	174
898	174
899	173
900	173
901	172
902	172
903	172
904	171
905	170
906	170
907	170
908	169
909	169
910	169
911	168
912	168
913	168
914	168
915	167
916	167
917	167
918	167
919	167
920	167
921	167
922	167
923	167
924	167
925	168
926	168
927	168
928	168
929	169
930	169
931	170
932	170
933	171
934	171
935	172
936	172
937	173
938	173
939	174
940	174
941	175
942	175
943	175
944	176
945	176
946	176
947	176
948	177
949	177
950	177
951	177
952	178
953	178
954	177
955	178
956	177
957	177
958	177
959	177
960	177
961	177
962	176
963	176
964	175
965	175
966	174
967	174
968	173
969	173
970	172
971	172
972	171
973	171
974	170
975	170
976	170
977	169
978	169
979	169
980	169
981	168
982	168
983	168
984	167
985	167
986	167
987	167
988	167
989	167
990	167
991	167
992	168
993	168
994	168
995	168
996	169
997	169
998	169
999	170
1000	170
1001	171
1002	171
1003	172
1004	172
1005	173
1006	173
1007	174
1008	174
1009	174
1010	175
1011	175
1012	176
1013	176
1014	176
1015	176
1016	177
1017	177
1018	177
1019	177
1020	178
1021	177
1022	178
1023	177
1024	177
1025	178
1026	177
1027	177
1028	177
1029	176
1030	176
1031	176
1032	176
1033	175
1034	175
1035	174
1036	174
1037	173
1038	173
1039	172
1040	172
1041	171
1042	171
1043	171
1044	170
1045	170
1046	169
1047	169
1048	169
1049	169
1050	168
1051	168
1052	168
1053	168
1054	167
1055	167
1056	167
1057	167
1058	167
1059	167
1060	168
1061	168
1062	168
1063	168
1064	168
1065	169
1066	169
1067	169
1068	170
1069	171
1070	171
1071	172
1072	172
1073	172
1074	173
1075	174
1076	174
1077	174
1078	175
1079	175
1080	175
1081	176
1082	176
1083	176
1084	176
1085	177
1086	177
1087	177
1088	177
1089	177
1090	177
1091	177
1092	177
1093	178
1094	177
1095	177
1096	177
1097	177
1098	176
1099	176
1100	176
1101	175
1102	175
1103	174
1104	174
1105	174
1106	173
1107	172
1108	172
1109	172
1110	171
1111	170
1112	170
1113	170
1114	169
1115	169
1116	169
1117	169
1118	168
1119	168
1120	168
1121	168
1122	168
1123	168
1124	167
1125	168
1126	167
1127	168
1128	168
1129	168
1130	168
1131	168
1132	168
1133	168
1134	169
1135	169
1136	170
1137	170
1138	171
1139	171
1140	172
1141	172
1142	172
1143	173
1144	174
1145	174
1146	174
1147	175
1148	175
1149	175
1150	176
1151	176
1152	176
1153	176
1154	177
1155	176
1156	177
1157	177
1158	177
1159	177
1160	177
1161	177
1162	177
1163	177
1164	177
1165	177
1166	176
1167	176
1168	176
1169	175
1170	175
1171	175
1172	174
1173	174
1174	173
1175	172
1176	172
1177	172
1178	171
1179	171
1180	171
1181	170
1182	170
1183	170
1184	169
1185	169
1186	169
1187	169
1188	168
1189	168
1190	168
1191	168
1192	168
1193	167
1194	168
1195	167
1196	167
1197	168
1198	168
1199	168
1200	168
1201	168
1202	169
1203	169
1204	170
1205	170
1206	170
1207	171
1208	171
1209	172
1210	173
1211	173
1212	174
1213	174
1214	174
1215	175
1216	176
1217	176
1218	176
1219	176
1220	176
1221	176
1222	176
1223	177
1224	177
1225	177
1226	177
1227	177
1228	178
1229	177
1230	177
1231	178
1232	177
1233	177
1234	177
1235	177
1236	176
1237	176
1238	176
1239	175
1240	174
1241	174
1242	173
1243	173
1244	173
1245	172
1246	172
1247	171
1248	171
1249	170
1250	170
1251	170
1252	169
1253	169
1254	169
1255	168
1256	168
1257	168
1258	168
1259	168
1260	168
1261	168
1262	168
1263	167
1264	167
1265	168
1266	168
1267	168
1268	168
1269	168
1270	169
1271	169
1272	169
1273	170
1274	170
1275	171
1276	172
1277	172
1278	172
1279	172
1280	173
1281	174
1282	174
1283	174
1284	175
1285	175
1286	176
1287	176
1288	176
1289	176
1290	176
1291	177
1292	177
1293	177
1294	177
1295	177
1296	177
1297	177
1298	177
1299	177
1300	177
1301	177
1302	177
1303	176
1304	176
1305	176
1306	176
1307	175
1308	174
1309	174
1310	174
1311	173
1312	173
1313	172
1314	172
1315	172
1316	171
1317	171
1318	170
1319	170
1320	170
1321	169
1322	169
1323	168
1324	168
1325	169
1326	168
1327	168
1328	167
1329	168
1330	167
1331	167
1332	168
1333	168
1334	168
1335	168
1336	168
1337	168
1338	168
1339	169
1340	169
1341	170
1342	170
1343	170
1344	171
1345	172
1346	172
1347	172
1348	173
1349	174
1350	174
1351	174
1352	175
1353	175
1354	175
1355	176
1356	176
1357	176
1358	176
1359	177
1360	177
1361	177
1362	177
1363	178
1364	177
1365	178
1366	177
1367	177
1368	177
1369	177
1370	177
1371	177
1372	176
1373	177
1374	176
1375	176
1376	175
1377	175
1378	174
1379	174
1380	173
1381	173
1382	172
1383	172
1384	171
1385	171
1386	171
1387	170
1388	170
1389	170
1390	169
1391	169
1392	169
1393	168
1394	168
1395	168
1396	168
1397	168
1398	168
1399	168
1400	168
1401	168
1402	168
1403	168
1404	168
1405	168
1406	168
1407	169
1408	169
1409	169
1410	170
1411	170
1412	171
1413	172
1414	171
1415	172
1416	173
1417	174
1418	174
1419	174
1420	175
1421	175
1422	175
1423	175
1424	176
1425	176
1426	176
1427	177
1428	177
1429	177
1430	177
1431	177
1432	177
1433	177
1434	177
1435	177
1436	177
1437	177
1438	177
1439	177
1440	177
1441	176
1442	176
1443	176
1444	175
1445	175
1446	174
1447	174
1448	173
1449	173
1450	172
1451	172
1452	172
1453	171
1454	171
1455	170
1456	170
1457	169
1458	169
1459	169
1460	169
1461	169
1462	168
1463	168
1464	168
1465	168
1466	168
1467	168
1468	167
1469	167
1470	168
1471	168
1472	167
1473	168
1474	168
1475	168
1476	169
1477	169
1478	169
1479	170
1480	170
1481	171
1482	171
1483	172
1484	172
1485	173
1486	173
1487	174
1488	174
1489	174
1490	174
1491	175
1492	175
1493	176
1494	176
1495	176
1496	176
1497	176
1498	176
1499	176
1500	177
1501	177
1502	177
1503	177
1504	177
1505	177
1506	177
1507	177
1508	177
1509	176
1510	176
1511	176
1512	175
1513	174
1514	174
1515	174
1516	173
1517	173
1518	172
1519	172
1520	171
1521	171
1522	170
1523	170
1524	170
1525	169
1526	169
1527	169
1528	169
1529	169
1530	168
1531	168
1532	168
1533	168
1534	168
1535	167
1536	168
1537	167
1538	168
1539	167
1540	167
1541	168
1542	168
1543	168
1544	168
1545	169
1546	169
1547	170
1548	170
1549	170
1550	171
1551	172
1552	172
1553	172
1554	173
1555	173
1556	174
1557	174
1558	174
1559	175
1560	175
1561	175
1562	175
1563	176
1564	176
1565	176
1566	176
1567	177
1568	176
1569	177
1570	177
1571	177
1572	177
1573	177
1574	177
1575	177
1576	176
1577	176
1578	176
1579	176
1580	176
1581	175
1582	175
1583	174
1584	174
1585	173
1586	172
1587	172
1588	172
1589	171
1590	171
1591	170
1592	170
1593	170
1594	169
1595	169
1596	169
1597	169
1598	169
1599	168
1600	168
1601	168
1602	168
1603	168
1604	168
1605	168
1606	168
1607	168
1608	168
1609	168
1610	168
1611	168
1612	168
1613	169
1614	169
1615	169
1616	170
1617	170
1618	171
1619	171
1620	171
1621	172
1622	173
1623	173
1624	173
1625	174
1626	174
1627	175
1628	175
1629	175
1630	176
1631	176
1632	176
1633	176
1634	176
1635	176
1636	177
1637	177
1638	177
1639	177
1640	177
1641	177
1642	177
1643	177
1644	177
1645	177
1646	176
1647	176
1648	176
1649	175
1650	175
1651	174
1652	174
1653	174
1654	173
1655	173
1656	172
1657	171
1658	171
1659	171
1660	171
1661	170
1662	170
1663	170
1664	169
1665	169
1666	169
1667	169
1668	168
1669	168
1670	168
1671	168
1672	168
1673	168
1674	168
1675	168
1676	168
1677	168
1678	168
1679	168
1680	168
1681	169
1682	169
1683	170
1684	170
1685	170
1686	171
1687	171
1688	172
1689	172
1690	173
1691	173
1692	173
1693	174
1694	174
1695	174
1696	175
1697	175
1698	176
1699	176
1700	176
1701	176
1702	176
1703	177
1704	177
1705	177
1706	177
1707	177
1708	177
1709	177
1710	177
1711	177
1712	177
1713	177
1714	176
1715	176
1716	176
1717	176
1718	175
1719	175
1720	174
1721	174
1722	173
1723	173
1724	172
1725	172
1726	172
1727	171
1728	171
1729	171
1730	170
1731	170
1732	170
1733	169
1734	169
1735	168
1736	168
1737	168
1738	168
1739	168
1740	168
1741	168
1742	168
1743	168
1744	168
1745	168
1746	168
1747	168
1748	168
1749	168
1750	169
1751	169
1752	169
1753	170
1754	170
1755	171
1756	171
1757	172
1758	172
1759	173
1760	173
1761	173
1762	174
1763	174
1764	174
1765	175
1766	175
1767	176
1768	176
1769	176
1770	176
1771	176
1772	177
1773	177
1774	177
1775	177
1776	177
1777	177
1778	177
1779	177
1780	176
1781	177
1782	176
1783	176
1784	176
1785	176
1786	176
1787	175
1788	174
1789	174
1790	174
1791	173
1792	172
1793	172
1794	172
1795	171
1796	171
1797	170
1798	170
1799	170
1800	170
1801	170
1802	169
1803	169
1804	169
1805	168
1806	168
1807	168
1808	168
1809	168
1810	168
1811	168
1812	168
1813	167
1814	168
1815	168
1816	168
1817	168
1818	169
1819	169
1820	169
1821	169
1822	169
1823	170
1824	171
1825	171
1826	172
1827	173
1828	173
1829	173
1830	174
1831	174
1832	175
1833	175
1834	175
1835	175
1836	176
1837	176
1838	176
1839	176
1840	176
1841	176
1842	176
1843	177
1844	176
1845	177
1846	177
1847	177
1848	177
1849	177
1850	176
1851	176
1852	176
1853	175
1854	175
1855	175
1856	175
1857	174
1858	174
1859	173
1860	173
1861	172
1862	172
1863	171
1864	171
1865	171
1866	170
1867	170
1868	170
1869	170
1870	169
1871	169
1872	168
1873	168
1874	168
1875	168
1876	168
1877	168
1878	168
1879	168
1880	168
1881	168
1882	168
1883	168
1884	168
1885	168
1886	168
1887	169
1888	169
1889	169
1890	170
1891	170
1892	171
1893	171
1894	171
1895	172
1896	172
1897	173
1898	173
1899	174
1900	174
1901	174
1902	175
1903	175
1904	175
1905	175
1906	176
1907	176
1908	176
1909	176
1910	176
1911	177
1912	177
1913	177
1914	177
1915	177
1916	177
1917	177
1918	177
1919	176
1920	176
1921	176
1922	176
1923	175
1924	175
1925	175
1926	174
1927	174
1928	173
1929	172
1930	172
1931	172
1932	172
1933	171
1934	171
1935	170
1936	170
1937	170
1938	170
1939	169
1940	169
1941	169
1942	169
1943	168
1944	168
1945	168
1946	168
1947	168
1948	168
1949	168
1950	168
1951	168
1952	168
1953	168
1954	168
1955	169
1956	169
1957	169
1958	170
1959	170
1960	170
1961	171
1962	171
1963	172
1964	173
1965	173
1966	173
1967	173
1968	174
1969	174
1970	175
1971	175
1972	175
1973	176
1974	176
1975	176
1976	176
1977	176
1978	176
1979	177
1980	177
1981	177
1982	177
1983	177
1984	177
1985	177
1986	176
1987	176
1988	176
1989	176
1990	176
1991	175
1992	175
1993	175
1994	174
1995	174
1996	173
1997	173
1998	172
1999	172
2000	171
2001	171
2002	171
2003	170
2004	170
2005	170
2006	169
2007	169
2008	169
2009	169
2010	169
2011	168
2012	168
2013	168
2014	168
2015	168
2016	168
2017	168
2018	168
2019	168
2020	168
2021	168
2022	168
2023	169
2024	169
2025	169
2026	170
2027	170
2028	170
2029	170
2030	171
2031	172
2032	172
2033	172
2034	173
2035	173
2036	174
2037	174
2038	174
2039	175
2040	175
2041	176
2042	176
2043	176
2044	176
2045	176
2046	176
2047	177
2048	177
2049	177
2050	177
2051	177
2052	177
2053	177
2054	177
2055	177
2056	177
2057	176
2058	176
2059	176
2060	175
2061	175
2062	175
2063	174
2064	174
2065	173
2066	173
2067	172
2068	172
2069	172
2070	171
2071	171
2072	170
2073	170
2074	170
2075	170
2076	170
2077	169
2078	169
2079	168
2080	169
2081	168
2082	168
2083	168
2084	168
2085	168
2086	168
2087	168
2088	168
2089	168
2090	168
2091	168
2092	169
2093	169
2094	169
2095	170
2096	170
2097	171
2098	171
2099	172
2100	172
2101	172
2102	173
2103	173
2104	174
2105	174
2106	174
2107	175
2108	175
2109	175
2110	176
2111	176
2112	176
2113	176
2114	176
2115	176
2116	177
2117	177
2118	177
2119	177
2120	177
2121	177
2122	177
2123	177
2124	177
2125	176
2126	176
2127	176
2128	176
2129	175
2130	175
2131	174
2132	174
2133	173
2134	173
2135	173
2136	172
2137	172
2138	171
2139	171
2140	171
2141	170
2142	170
2143	170
2144	170
2145	169
2146	169
2147	169
2148	169
2149	168
2150	168
2151	168
2152	168
2153	168
2154	168
2155	168
2156	168
2157	168
2158	168
2159	169
2160	169
2161	169
2162	170
2163	169
2164	170
2165	170
2166	171
2167	171
2168	172
2169	172
2170	172
2171	172
2172	173
2173	174
2174	174
2175	174
2176	175
2177	175
2178	175
2179	176
2180	176
2181	176
2182	176
2183	176
2184	176
2185	176
2186	176
2187	177
2188	177
2189	177
2190	177
2191	177
2192	176
2193	176
2194	176
2195	176
2196	175
2197	175
2198	175
2199	174
2200	174
2201	173
2202	173
2203	173
2204	172
2205	172
2206	171
2207	171
2208	171
2209	170
2210	170
2211	170
2212	169
2213	169
2214	169
2215	169
2216	169
2217	168
2218	168
2219	168
2220	168
2221	168
2222	168
2223	168
2224	168
2225	168
2226	168
2227	168
2228	168
2229	169
2230	169
2231	169
2232	170
2233	170
2234	171
2235	171
2236	171
2237	172
2238	172
2239	172
2240	173
2241	173
2242	174
2243	174
2244	174
2245	174
2246	175
2247	175
2248	176
2249	176
2250	176
2251	176
2252	176
2253	176
2254	176
2255	177
2256	177
2257	177
2258	177
2259	176
2260	177
2261	176
2262	176
2263	176
2264	176
2265	175
2266	175
2267	175
2268	174
2269	174
2270	173
2271	173
2272	172
2273	172
2274	172
2275	171
2276	171
2277	170
2278	170
2279	170
2280	170
2281	170
2282	169
2283	169
2284	169
2285	169
2286	169
2287	168
2288	168
2289	168
2290	168
2291	168
2292	168
2293	168
2294	168
2295	168
2296	168
2297	169
2298	169
2299	169
2300	169
2301	169
2302	170
2303	171
2304	171
2305	171
2306	172
2307	172
2308	173
2309	173
2310	173
2311	174
2312	174
2313	175
2314	175
2315	175
2316	175
2317	175
2318	176
2319	176
2320	176
2321	176
2322	176
2323	176
2324	176
2325	177
2326	176
2327	176
2328	177
2329	176
2330	177
2331	176
2332	176
2333	176
2334	175
2335	175
2336	174
2337	174
2338	174
2339	173
2340	173
2341	172
2342	172
2343	172
2344	171
2345	171
2346	170
2347	170
2348	170
2349	170
2350	169
2351	169
2352	169
2353	169
2354	169
2355	169
2356	168
2357	168
2358	168
2359	168
2360	168
2361	168
2362	168
2363	168
2364	168
2365	169
2366	169
2367	169
2368	170
2369	170
2370	170
2371	171
2372	171
2373	171
2374	172
2375	172
2376	172
2377	173
2378	174
2379	174
2380	174
2381	174
2382	175
2383	175
2384	175
2385	176
2386	176
2387	176
2388	176
2389	176
2390	176
2391	176
2392	177
2393	177
2394	177
2395	176
2396	176
2397	176
2398	176
2399	176
2400	176
2401	176
2402	175
2403	175
2404	175
2405	174
2406	174
2407	173
2408	173
2409	173
2410	172
2411	172
2412	172
2413	172
2414	171
2415	170
2416	170
2417	170
2418	170
2419	170
2420	169
2421	169
2422	169
2423	169
2424	169
2425	168
2426	168
2427	168
2428	168
2429	168
2430	168
2431	168
2432	169
2433	169
2434	169
2435	169
2436	169
2437	170
2438	170
2439	170
2440	171
2441	171
2442	172
2443	172
2444	173
2445	173
2446	173
2447	173
2448	174
2449	175
2450	175
2451	175
2452	175
2453	175
2454	175
2455	176
2456	176
2457	176
2458	176
2459	176
2460	176
2461	176
2462	177
2463	177
2464	176
2465	177
2466	176
2467	176
2468	176
2469	176
2470	176
2471	175
2472	175
2473	174
2474	174
2475	174
2476	174
2477	173
2478	173
2479	172
2480	172
2481	171
2482	171
2483	171
2484	170
2485	170
2486	170
2487	170
2488	169
2489	169
2490	169
2491	169
2492	169
2493	169
2494	168
2495	168
2496	168
2497	168
2498	168
2499	168
2500	168
2501	168
2502	169
2503	169
2504	169
2505	169
2506	170
2507	170
2508	171
2509	171
2510	171
2511	172
2512	172
2513	173
2514	173
2515	174
2516	174
2517	174
2518	174
2519	175
2520	175
2521	175
2522	175
2523	176
2524	176
2525	176
2526	176
2527	176
2528	176
2529	176
2530	177
2531	176
2532	177
2533	176
2534	176
2535	176
2536	176
2537	176
2538	176
2539	176
2540	175
2541	174
2542	174
2543	174
2544	174
2545	173
2546	173
2547	172
2548	172
2549	172
2550	171
2551	171
2552	170
2553	170
2554	170
2555	170
2556	170
2557	170
2558	169
2559	169
2560	169
2561	169
2562	168
2563	169
2564	168
2565	168
2566	168
2567	168
2568	168
2569	169
2570	169
2571	169
2572	169
2573	170
2574	170
2575	170
2576	170
2577	171
2578	171
2579	172
2580	172
2581	172
2582	173
2583	173
2584	174
2585	174
2586	174
2587	175
2588	175
2589	175
2590	175
2591	176
2592	176
2593	176
2594	176
2595	176
2596	176
2597	176
2598	176
2599	176
2600	177
2601	176
2602	176
2603	176
2604	177
2605	176
2606	176
2607	176
2608	175
2609	175
2610	175
2611	174
2612	174
2613	173
2614	173
2615	172
2616	172
2617	172
2618	172
2619	171
2620	171
2621	171
2622	170
2623	170
2624	170
2625	170
2626	170
2627	169
2628	169
2629	169
2630	169
2631	168
2632	169
2633	169
2634	168
2635	168
2636	168
2637	168
2638	169
2639	169
2640	169
2641	170
2642	170
2643	170
2644	170
2645	170
2646	171
2647	171
2648	172
2649	172
2650	173
2651	173
2652	174
2653	174
2654	174
2655	175
2656	175
2657	175
2658	175
2659	175
2660	176
2661	176
2662	176
2663	176
2664	176
2665	176
2666	176
2667	176
2668	177
2669	177
2670	177
2671	177
2672	177
2673	176
2674	176
2675	176
2676	176
2677	175
2678	175
2679	174
2680	174
2681	174
2682	173
2683	173
2684	173
2685	172
2686	172
2687	172
2688	171
2689	171
2690	170
2691	170
2692	170
2693	170
2694	170
2695	169
2696	170
2697	169
2698	169
2699	169
2700	169
2701	169
2702	168
2703	168
2704	169
2705	168
2706	169
2707	169
2708	169
2709	170
2710	169
2711	170
2712	170
2713	171
2714	171
2715	172
2716	172
2717	172
2718	172
2719	173
2720	173
2721	173
2722	174
2723	174
2724	175
2725	175
2726	175
2727	175
2728	176
2729	176
2730	176
2731	176
2732	176
2733	176
2734	176
2735	176
2736	176
2737	176
2738	176
2739	176
2740	176
2741	176
2742	176
2743	176
2744	176
2745	176
2746	175
2747	174
2748	174
2749	174
2750	173
2751	173
2752	173
2753	173
2754	172
2755	172
2756	171
2757	171
2758	171
2759	171
2760	170
2761	170
2762	170
2763	170
2764	170
2765	170
2766	169
2767	169
2768	169
2769	169
2770	169
2771	169
2772	169
2773	169
2774	169
2775	169
2776	169
2777	169
2778	170
2779	170
2780	170
2781	171
2782	171
2783	171
2784	172
2785	172
2786	172
2787	173
2788	173
2789	174
2790	174
2791	174
2792	175
2793	175
2794	175
2795	176
2796	176
2797	176
2798	176
2799	176
2800	176
2801	176
2802	176
2803	176
2804	176
2805	176
2806	177
2807	177
2808	176
2809	177
2810	176
2811	176
2812	176
2813	176
2814	175
2815	175
2816	175
2817	174
2818	174
2819	174
2820	173
2821	173
2822	172
2823	172
2824	172
2825	171
2826	171
2827	171
2828	170
2829	170
2830	170
2831	170
2832	170
2833	169
2834	170
2835	169
2836	169
2837	168
2838	169
2839	169
2840	169
2841	169
2842	169
2843	169
2844	169
2845	170
2846	170
2847	170
2848	170
2849	171
2850	171
2851	171
2852	171
2853	172
2854	172
2855	173
2856	173
2857	173
2858	174
2859	174
2860	174
2861	174
2862	175
2863	175
2864	175
2865	175
2866	176
2867	176
2868	176
2869	176
2870	176
2871	176
2872	177
2873	176
2874	176
2875	176
2876	177
2877	176
2878	176
2879	176
2880	176
2881	176
2882	175
2883	175
2884	175
2885	174
2886	174
2887	174
2888	173
2889	173
2890	173
2891	172
2892	172
2893	172
2894	171
2895	171
2896	171
2897	170
2898	170
2899	170
2900	170
2901	170
2902	169
2903	169
2904	169
2905	169
2906	169
2907	169
2908	169
2909	169
2910	169
2911	169
2912	169
2913	169
2914	169
2915	169
2916	170
2917	170
2918	170
2919	171
2920	171
2921	172
2922	172
2923	172
2924	172
2925	173
2926	173
2927	174
2928	174
2929	174
2930	175
2931	175
2932	175
2933	175
2934	176
2935	176
2936	176
2937	176
2938	176
2939	176
2940	177
2941	177
2942	176
2943	176
2944	177
2945	176
2946	176
2947	176
2948	176
2949	176
2950	176
2951	175
2952	175
2953	175
2954	174
2955	174
2956	174
2957	173
2958	173
2959	172
2960	172
2961	172
2962	171
2963	171
2964	171
2965	170
2966	171
2967	170
2968	170
2969	170
2970	170
2971	170
2972	169
2973	169
2974	169
2975	169
2976	169
2977	169
2978	168
2979	169
2980	169
2981	169
2982	169
2983	170
2984	170
2985	170
2986	170
2987	171
2988	171
2989	172
2990	172
2991	172
2992	173
2993	173
2994	173
2995	174
2996	174
2997	174
2998	174
2999	175
3000	175
3001	175
3002	176
3003	176
3004	176
3005	176
3006	176
3007	176
3008	176
3009	176
3010	176
3011	176
3012	177
3013	176
3014	176
3015	176
3016	176
3017	176
3018	176
3019	175
3020	175
3021	175
3022	174
3023	174
3024	174
3025	174
3026	173
3027	173
3028	172
3029	172
3030	172
3031	172
3032	172
3033	170
3034	170
3035	170
3036	170
3037	170
3038	170
3039	170
3040	169
3041	169
3042	169
3043	169
3044	169
3045	169
3046	169
3047	169
3048	169
3049	169
3050	170
3051	170
3052	170
3053	170
3054	170
3055	171
3056	171
3057	171
3058	172
3059	172
3060	172
3061	173
3062	173
3063	173
3064	174
3065	174
3066	174
3067	175
3068	175
3069	175
3070	175
3071	175
3072	176
3073	176
3074	176
3075	176
3076	176
3077	177
3078	176
3079	177
3080	177
3081	176
3082	176
3083	176
3084	176
3085	176
3086	176
3087	176
3088	176
3089	175
3090	175
3091	175
3092	174
3093	174
3094	173
3095	173
3096	173
3097	172
3098	172
3099	171
3100	172
3101	171
3102	171
3103	171
3104	170
3105	170
3106	170
3107	170
3108	170
3109	169
3110	169
3111	170
3112	169
3113	169
3114	169
3115	169
3116	169
3117	169
3118	169
3119	170
3120	170
3121	170
3122	170
3123	171
3124	171
3125	171
3126	171
3127	172
3128	172
3129	173
3130	173
3131	173
3132	174
3133	174
3134	174
3135	175
3136	175
3137	175
3138	175
3139	175
3140	176
3141	176
3142	176
3143	176
3144	176
3145	176
3146	176
3147	176
3148	176
3149	177
3150	176
3151	176
3152	176
3153	176
3154	176
3155	176
3156	176
3157	175
3158	175
3159	175
3160	174
3161	174
3162	173
3163	173
3164	173
3165	172
3166	172
3167	171
3168	171
3169	171
3170	171
3171	170
3172	170
3173	170
3174	170
3175	170
3176	169
3177	170
3178	169
3179	169
3180	169
3181	169
3182	169
3183	169
3184	169
3185	169
3186	169
3187	169
3188	169
3189	170
3190	170
3191	171
3192	170
3193	171
3194	171
3195	171
3196	172
3197	172
3198	173
3199	173
3200	173
3201	173
3202	174
3203	174
3204	175
3205	175
3206	175
3207	176
3208	176
3209	176
3210	176
3211	176
3212	176
3213	176
3214	176
3215	176
3216	176
3217	176
3218	176
3219	176
3220	176
3221	176
3222	176
3223	176
3224	176
3225	175
3226	175
3227	175
3228	174
3229	174
3230	174
3231	173
3232	173
3233	172
3234	172
3235	172
3236	171
3237	171
3238	171
3239	170
3240	170
3241	170
3242	170
3243	170
3244	170
3245	169
3246	170
3247	170
3248	170
3249	170
3250	169
3251	169
3252	169
3253	169
3254	169
3255	169
3256	169
3257	169
3258	170
3259	170
3260	170
3261	171
3262	171
3263	172
3264	172
3265	172
3266	172
3267	173
3268	173
3269	173
3270	174
3271	174
3272	174
3273	175
3274	175
3275	175
3276	175
3277	175
3278	175
3279	176
3280	176
3281	176
3282	176
3283	176
3284	176
3285	176
3286	176
3287	176
3288	176
3289	176
3290	176
3291	176
3292	175
3293	175
3294	175
3295	175
3296	174
3297	174
3298	174
3299	173
3300	173
3301	173
3302	172
3303	172
3304	172
3305	171
3306	171
3307	171
3308	171
3309	170
3310	170
3311	170
3312	170
3313	170
3314	170
3315	170
3316	169
3317	169
3318	169
3319	169
3320	169
3321	169
3322	169
3323	169
3324	169
3325	169
3326	170
3327	170
3328	170
3329	170
3330	171
3331	171
3332	171
3333	172
3334	172
3335	173
3336	173
3337	173
3338	174
3339	174
3340	174
3341	174
3342	174
3343	175
3344	175
3345	176
3346	176
3347	175
3348	176
3349	176
3350	176
3351	176
3352	176
3353	176
3354	176
3355	176
3356	176
3357	176
3358	176
3359	176
3360	176
3361	175
3362	175
3363	175
3364	174
3365	174
3366	174
3367	174
3368	173
3369	173
3370	173
3371	172
3372	172
3373	172
3374	172
3375	171
3376	171
3377	171
3378	170
3379	170
3380	170
3381	170
3382	170
3383	170
3384	169
3385	169
3386	169
3387	169
3388	169
3389	169
3390	169
3391	170
3392	170
3393	170
3394	170
3395	170
3396	170
3397	170
3398	171
3399	171
3400	172
3401	171
3402	172
3403	173
3404	173
3405	173
3406	173
3407	174
3408	174
3409	174
3410	175
3411	175
3412	175
3413	175
3414	175
3415	176
3416	176
3417	176
3418	176
3419	176
3420	176
3421	176
3422	176
3423	176
3424	176
3425	176
3426	176
3427	176
3428	176
3429	176
3430	176
3431	175
3432	175
3433	175
3434	174
3435	174
3436	174
3437	173
3438	173
3439	173
3440	172
3441	172
3442	172
3443	171
3444	171
3445	171
3446	170
3447	170
3448	170
3449	170
3450	170
3451	170
3452	170
3453	169
3454	169
3455	169
3456	169
3457	169
3458	169
3459	169
3460	170
3461	170
3462	170
3463	170
3464	170
3465	171
3466	170
3467	171
3468	171
3469	172
3470	172
3471	172
3472	173
3473	173
3474	173
3475	173
3476	174
3477	174
3478	174
3479	174
3480	175
3481	175
3482	175
3483	175
3484	176
3485	176
3486	176
3487	176
3488	176
3489	176
3490	176
3491	176
3492	176
3493	176
3494	176
3495	176
3496	176
3497	176
3498	176
3499	175
3500	175
3501	174
3502	174
3503	174
3504	174
3505	173
3506	173
3507	173
3508	172
3509	172
3510	172
3511	172
3512	171
3513	171
3514	171
3515	170
3516	170
3517	170
3518	170
3519	170
3520	170
3521	170
3522	169
3523	170
3524	169
3525	169
3526	169
3527	169
3528	169
3529	169
3530	169
3531	170
3532	170
3533	170
3534	170
3535	171
3536	171
3537	171
3538	172
3539	172
3540	172
3541	173
3542	173
3543	173
3544	174
3545	174
3546	174
3547	174
3548	175
3549	175
3550	175
3551	175
3552	175
3553	176
3554	176
3555	176
3556	176
3557	176
3558	176
3559	176
3560	176
3561	176
3562	176
3563	176
3564	176
3565	175
3566	175
3567	175
3568	175
3569	175
3570	175
3571	174
3572	174
3573	173
3574	173
3575	173
3576	172
3577	172
3578	172
3579	171
3580	171
3581	171
3582	170
3583	171
3584	170
3585	170
3586	170
3587	170
3588	170
3589	170
3590	169
3591	169
3592	169
3593	169
3594	169
3595	169
3596	169
3597	169
3598	170
3599	169
3600	170
3601	170
3602	170
3603	170
3604	171
3605	171
3606	171
3607	171
3608	172
3609	172
3610	173
3611	173
3612	173
3613	174
3614	174
3615	174
3616	174
3617	175
3618	175
3619	175
3620	175
3621	176
3622	176
3623	176
3624	176
3625	176
3626	176
3627	176
3628	176
3629	176
3630	176
3631	176
3632	176
3633	175
3634	175
3635	175
3636	175
3637	175
3638	174
3639	174
3640	174
3641	173
3642	173
3643	173
3644	172
3645	172
3646	172
3647	171
3648	171
3649	171
3650	171
3651	170
3652	170
3653	170
3654	170
3655	170
3656	170
3657	170
3658	169
3659	169
3660	169
3661	169
3662	169
3663	169
3664	169
3665	169
3666	169
3667	169
3668	169
3669	170
3670	170
3671	170
3672	171
3673	171
3674	171
3675	171
3676	172
3677	172
3678	172
3679	173
3680	173
3681	174
3682	174
3683	174
3684	174
3685	175
3686	175
3687	175
3688	175
3689	175
3690	176
3691	175
3692	176
3693	176
3694	176
3695	176
3696	176
3697	176
3698	176
3699	176
3700	176
3701	176
3702	176
3703	176
3704	175
3705	175
3706	174
3707	174
3708	174
3709	174
3710	174
3711	173
3712	173
3713	173
3714	173
3715	172
3716	172
3717	171
3718	171
3719	171
3720	170
3721	170
3722	170
3723	170
3724	170
3725	170
3726	170
3727	170
3728	169
3729	169
3730	169
3731	169
3732	169
3733	170
3734	170
3735	170
3736	170
3737	170
3738	170
3739	170
3740	171
3741	171
3742	171
3743	171
3744	172
3745	172
3746	173
3747	173
3748	173
3749	173
3750	174
3751	174
3752	174
3753	175
3754	174
3755	175
3756	175
3757	175
3758	176
3759	176
3760	176
3761	176
3762	176
3763	176
3764	176
3765	176
3766	176
3767	176
3768	176
3769	176
3770	176
3771	176
3772	175
3773	175
3774	175
3775	175
3776	174
3777	174
3778	174
3779	174
3780	173
3781	173
3782	172
3783	172
3784	172
3785	171
3786	171
3787	171
3788	171
3789	171
3790	170
3791	170
3792	170
3793	170
3794	170
3795	170
3796	170
3797	170
3798	170
3799	169
3800	170
3801	169
3802	169
3803	169
3804	169
3805	170
3806	170
3807	170
3808	170
3809	171
3810	171
3811	171
3812	172
3813	172
3814	172
3815	172
3816	173
3817	174
3818	174
3819	174
3820	174
3821	174
3822	175
3823	175
3824	175
3825	175
3826	176
3827	176
3828	175
3829	176
3830	176
3831	176
3832	176
3833	176
3834	176
3835	176
3836	176
3837	176
3838	176
3839	176
3840	176
3841	176
3842	175
3843	175
3844	174
3845	174
3846	174
3847	174
3848	173
3849	173
3850	173
3851	172
3852	172
3853	171
3854	171
3855	171
3856	171
3857	170
3858	170
3859	170
3860	170
3861	170
3862	170
3863	170
3864	169
3865	170
3866	169
3867	169
3868	169
3869	169
3870	169
3871	169
3872	169
3873	169
3874	170
3875	170
3876	170
3877	171
3878	171
3879	171
3880	171
3881	171
3882	172
3883	172
3884	172
3885	173
3886	173
3887	173
3888	173
3889	174
3890	174
3891	174
3892	175
3893	175
3894	175
3895	175
3896	175
3897	176
3898	176
3899	176
3900	176
3901	176
3902	176
3903	175
3904	176
3905	176
3906	176
3907	176
3908	175
3909	175
3910	175
3911	175
3912	175
3913	174
3914	174
3915	174
3916	173
3917	173
3918	172
3919	173
3920	172
3921	172
3922	172
3923	171
3924	171
3925	171
3926	170
3927	170
3928	170
3929	170
3930	170
3931	170
3932	169
3933	169
3934	169
3935	169
3936	169
3937	169
3938	169
3939	169
3940	169
3941	169
3942	169
3943	170
3944	170
3945	170
3946	170
3947	171
3948	171
3949	171
3950	172
3951	172
3952	172
3953	173
3954	173
3955	173
3956	173
3957	173
3958	174
3959	174
3960	175
3961	175
3962	175
3963	175
3964	175
3965	175
3966	175
3967	175
3968	175
3969	176
3970	176
3971	176
3972	176
3973	176
3974	176
3975	176
3976	175
3977	175
3978	175
3979	175
3980	175
3981	174
3982	174
3983	174
3984	173
3985	173
3986	172
3987	172
3988	172
3989	172
3990	171
3991	171
3992	171
3993	170
3994	170
3995	170
3996	170
3997	170
3998	170
3999	169
4000	169
4001	169
4002	169
4003	169
4004	169
4005	169
4006	169
4007	169
4008	169
4009	169
4010	169
4011	170
4012	170
4013	170
4014	170
4015	170
4016	171
4017	171
4018	172
4019	172
4020	172
4021	172
4022	173
4023	173
4024	173
4025	174
4026	174
4027	174
4028	174
4029	175
4030	175
4031	175
4032	175
4033	175
4034	175
4035	176
4036	176
4037	176
4038	176
4039	176
4040	176
4041	176
4042	176
4043	176
4044	176
4045	175
4046	175
4047	175
4048	175
4049	174
4050	174
4051	174
4052	174
4053	173
4054	172
4055	173
4056	172
4057	172
4058	172
4059	171
4060	171
4061	171
4062	170
4063	170
4064	170
4065	170
4066	170
4067	170
4068	170
4069	169
4070	169
4071	169
4072	169
4073	169
4074	169
4075	169
4076	170
4077	170
4078	169
4079	170
