
TIME STEP:
80 = 1ms

VOLTAGE STEP:
32 = 30mV

N	CH1

1	167
2	164
3	161
4	158
5	154
6	150
7	145
8	141
9	136
10	133
11	130
12	126
13	124
14	122
15	121
16	121
17	122
18	124
19	126
20	129
21	132
22	136
23	141
24	145
25	149
26	154
27	157
28	161
29	164
30	166
31	168
32	169
33	169
34	169
35	167
36	165
37	162
38	158
39	154
40	151
41	146
42	142
43	138
44	134
45	130
46	127
47	125
48	123
49	122
50	122
51	122
52	123
53	125
54	128
55	132
56	136
57	140
58	143
59	148
60	153
61	157
62	160
63	163
64	166
65	168
66	169
67	169
68	169
69	168
70	165
71	163
72	160
73	156
74	152
75	148
76	144
77	139
78	135
79	131
80	128
81	125
82	123
83	122
84	121
85	122
86	123
87	124
88	127
89	131
90	134
91	138
92	142
93	147
94	151
95	155
96	159
97	162
98	165
99	167
100	169
101	169
102	169
103	167
104	166
105	163
106	160
107	157
108	153
109	149
110	144
111	140
112	136
113	132
114	128
115	126
116	124
117	122
118	122
119	121
120	122
121	124
122	126
123	129
124	133
125	137
126	141
127	146
128	150
129	154
130	158
131	161
132	164
133	167
134	168
135	169
136	169
137	168
138	167
139	165
140	161
141	158
142	154
143	150
144	146
145	142
146	138
147	133
148	130
149	126
150	124
151	123
152	122
153	122
154	122
155	124
156	126
157	129
158	132
159	136
160	140
161	145
162	149
163	153
164	157
165	160
166	164
167	166
168	168
169	169
170	169
171	169
172	167
173	165
174	162
175	159
176	156
177	152
178	147
179	143
180	139
181	135
182	131
183	128
184	125
185	123
186	122
187	122
188	122
189	123
190	125
191	128
192	131
193	135
194	139
195	143
196	148
197	152
198	156
199	159
200	163
201	166
202	167
203	168
204	169
205	169
206	167
207	166
208	163
209	160
210	157
211	153
212	148
213	144
214	140
215	136
216	132
217	128
218	125
219	123
220	122
221	122
222	122
223	123
224	125
225	127
226	130
227	134
228	138
229	142
230	146
231	151
232	155
233	159
234	162
235	165
236	167
237	169
238	169
239	169
240	168
241	166
242	164
243	161
244	157
245	154
246	150
247	145
248	141
249	137
250	132
251	129
252	126
253	124
254	122
255	121
256	122
257	123
258	124
259	126
260	129
261	133
262	137
263	141
264	145
265	149
266	153
267	157
268	161
269	164
270	166
271	168
272	169
273	169
274	168
275	166
276	165
277	162
278	158
279	155
280	151
281	146
282	142
283	138
284	134
285	130
286	127
287	124
288	123
289	121
290	121
291	122
292	124
293	126
294	128
295	132
296	135
297	139
298	144
299	148
300	153
301	157
302	160
303	162
304	166
305	168
306	169
307	169
308	169
309	167
310	165
311	163
312	160
313	156
314	151
315	147
316	143
317	139
318	135
319	131
320	128
321	125
322	123
323	121
324	121
325	122
326	123
327	125
328	127
329	131
330	134
331	138
332	143
333	147
334	152
335	155
336	159
337	162
338	165
339	167
340	168
341	169
342	169
343	167
344	166
345	163
346	161
347	157
348	154
349	149
350	145
351	140
352	135
353	132
354	128
355	126
356	124
357	122
358	122
359	122
360	122
361	125
362	127
363	130
364	133
365	137
366	141
367	146
368	150
369	154
370	158
371	161
372	164
373	166
374	168
375	169
376	168
377	168
378	166
379	164
380	161
381	158
382	154
383	150
384	146
385	141
386	137
387	133
388	130
389	126
390	124
391	122
392	122
393	121
394	122
395	124
396	126
397	129
398	132
399	136
400	140
401	144
402	149
403	154
404	157
405	161
406	164
407	166
408	168
409	169
410	169
411	168
412	167
413	164
414	163
415	159
416	155
417	151
418	147
419	142
420	138
421	134
422	130
423	127
424	125
425	122
426	121
427	121
428	121
429	123
430	125
431	128
432	131
433	135
434	139
435	143
436	148
437	152
438	156
439	159
440	163
441	165
442	167
443	168
444	168
445	168
446	167
447	165
448	163
449	160
450	156
451	152
452	148
453	144
454	139
455	135
456	132
457	128
458	125
459	123
460	122
461	121
462	122
463	122
464	124
465	127
466	130
467	134
468	138
469	142
470	146
471	151
472	154
473	158
474	162
475	165
476	167
477	168
478	168
479	168
480	168
481	166
482	164
483	160
484	157
485	153
486	149
487	145
488	140
489	136
490	132
491	129
492	126
493	123
494	122
495	121
496	122
497	122
498	124
499	126
500	129
501	132
502	137
503	141
504	146
505	150
506	154
507	158
508	161
509	163
510	166
511	168
512	168
513	169
514	168
515	166
516	164
517	162
518	158
519	155
520	151
521	146
522	142
523	138
524	134
525	130
526	127
527	124
528	122
529	122
530	122
531	122
532	124
533	126
534	128
535	132
536	136
537	140
538	144
539	148
540	152
541	156
542	160
543	163
544	165
545	167
546	169
547	169
548	168
549	167
550	166
551	163
552	160
553	156
554	152
555	148
556	143
557	139
558	134
559	131
560	128
561	126
562	123
563	122
564	122
565	122
566	123
567	125
568	128
569	131
570	135
571	139
572	143
573	148
574	152
575	156
576	160
577	163
578	166
579	168
580	169
581	169
582	169
583	168
584	166
585	164
586	161
587	157
588	153
589	149
590	144
591	140
592	137
593	132
594	129
595	126
596	124
597	123
598	122
599	122
600	123
601	125
602	127
603	130
604	134
605	138
606	142
607	146
608	150
609	154
610	158
611	162
612	165
613	166
614	168
615	169
616	169
617	168
618	167
619	164
620	161
621	159
622	154
623	150
624	146
625	142
626	137
627	133
628	130
629	126
630	124
631	123
632	122
633	122
634	122
635	124
636	127
637	129
638	133
639	137
640	140
641	145
642	150
643	154
644	157
645	161
646	164
647	166
648	167
649	169
650	169
651	168
652	167
653	165
654	162
655	159
656	155
657	151
658	147
659	142
660	138
661	134
662	130
663	127
664	125
665	123
666	122
667	121
668	122
669	123
670	125
671	128
672	131
673	136
674	139
675	144
676	148
677	152
678	156
679	160
680	163
681	165
682	167
683	169
684	168
685	168
686	167
687	166
688	163
689	160
690	156
691	152
692	148
693	144
694	140
695	135
696	132
697	128
698	125
699	123
700	122
701	121
702	121
703	123
704	124
705	128
706	130
707	134
708	138
709	142
710	147
711	151
712	155
713	158
714	162
715	164
716	167
717	168
718	169
719	168
720	168
721	166
722	163
723	160
724	157
725	154
726	149
727	145
728	141
729	137
730	133
731	129
732	126
733	124
734	122
735	122
736	122
737	122
738	124
739	126
740	130
741	133
742	137
743	141
744	145
745	150
746	154
747	158
748	161
749	164
750	167
751	168
752	169
753	169
754	168
755	167
756	164
757	161
758	158
759	154
760	150
761	146
762	142
763	138
764	134
765	130
766	127
767	125
768	123
769	122
770	122
771	122
772	123
773	126
774	129
775	132
776	136
777	140
778	144
779	148
780	153
781	156
782	160
783	164
784	166
785	167
786	168
787	169
788	168
789	167
790	165
791	162
792	159
793	155
794	151
795	147
796	143
797	138
798	135
799	131
800	128
801	125
802	123
803	122
804	121
805	122
806	123
807	125
808	128
809	130
810	134
811	138
812	143
813	147
814	152
815	155
816	159
817	162
818	165
819	167
820	168
821	169
822	168
823	167
824	166
825	163
826	160
827	156
828	153
829	148
830	144
831	140
832	135
833	132
834	128
835	126
836	124
837	122
838	121
839	122
840	123
841	124
842	127
843	130
844	133
845	137
846	142
847	146
848	150
849	154
850	158
851	162
852	164
853	166
854	168
855	169
856	169
857	168
858	166
859	164
860	161
861	158
862	154
863	150
864	145
865	141
866	137
867	133
868	130
869	126
870	124
871	123
872	122
873	122
874	122
875	124
876	127
877	129
878	132
879	137
880	141
881	145
882	149
883	154
884	157
885	161
886	164
887	166
888	168
889	168
890	169
891	168
892	167
893	165
894	162
895	159
896	156
897	151
898	147
899	143
900	138
901	134
902	130
903	127
904	124
905	123
906	122
907	122
908	122
909	124
910	126
911	129
912	131
913	136
914	140
915	144
916	148
917	152
918	157
919	160
920	163
921	165
922	168
923	169
924	169
925	169
926	167
927	166
928	163
929	160
930	156
931	153
932	148
933	144
934	140
935	135
936	132
937	129
938	126
939	124
940	122
941	122
942	122
943	124
944	126
945	128
946	131
947	134
948	139
949	143
950	147
951	151
952	156
953	159
954	163
955	165
956	167
957	168
958	169
959	169
960	168
961	167
962	164
963	161
964	157
965	153
966	149
967	145
968	141
969	137
970	133
971	129
972	126
973	124
974	122
975	122
976	122
977	123
978	124
979	127
980	130
981	133
982	137
983	141
984	146
985	150
986	154
987	158
988	162
989	164
990	166
991	168
992	168
993	169
994	168
995	166
996	165
997	162
998	158
999	155
1000	150
1001	146
1002	142
1003	138
1004	134
1005	130
1006	127
1007	124
1008	122
1009	122
1010	122
1011	122
1012	124
1013	126
1014	129
1015	132
1016	136
1017	140
1018	144
1019	149
1020	152
1021	157
1022	160
1023	163
1024	166
1025	167
1026	168
1027	169
1028	168
1029	167
1030	164
1031	162
1032	160
1033	155
1034	151
1035	147
1036	143
1037	139
1038	134
1039	131
1040	127
1041	125
1042	123
1043	122
1044	121
1045	122
1046	123
1047	125
1048	128
1049	131
1050	135
1051	139
1052	143
1053	147
1054	152
1055	156
1056	160
1057	162
1058	165
1059	167
1060	168
1061	169
1062	168
1063	167
1064	166
1065	163
1066	160
1067	157
1068	153
1069	148
1070	144
1071	140
1072	136
1073	132
1074	128
1075	126
1076	124
1077	122
1078	121
1079	122
1080	123
1081	124
1082	127
1083	130
1084	134
1085	137
1086	142
1087	146
1088	150
1089	154
1090	158
1091	162
1092	165
1093	166
1094	168
1095	168
1096	169
1097	168
1098	166
1099	164
1100	161
1101	157
1102	154
1103	150
1104	145
1105	141
1106	136
1107	133
1108	129
1109	126
1110	124
1111	123
1112	122
1113	121
1114	122
1115	124
1116	126
1117	129
1118	132
1119	136
1120	140
1121	144
1122	149
1123	153
1124	157
1125	161
1126	164
1127	166
1128	167
1129	168
1130	169
1131	168
1132	166
1133	165
1134	162
1135	158
1136	154
1137	151
1138	146
1139	142
1140	138
1141	134
1142	130
1143	127
1144	125
1145	123
1146	122
1147	122
1148	122
1149	123
1150	125
1151	128
1152	131
1153	135
1154	139
1155	144
1156	148
1157	152
1158	156
1159	160
1160	163
1161	165
1162	167
1163	168
1164	168
1165	168
1166	167
1167	165
1168	162
1169	159
1170	155
1171	152
1172	147
1173	143
1174	139
1175	135
1176	131
1177	128
1178	126
1179	123
1180	122
1181	121
1182	122
1183	123
1184	125
1185	127
1186	131
1187	134
1188	138
1189	142
1190	147
1191	151
1192	155
1193	158
1194	162
1195	165
1196	167
1197	168
1198	169
1199	169
1200	168
1201	166
1202	163
1203	160
1204	157
1205	153
1206	149
1207	145
1208	141
1209	136
1210	132
1211	129
1212	126
1213	124
1214	123
1215	122
1216	122
1217	122
1218	124
1219	127
1220	130
1221	133
1222	137
1223	142
1224	146
1225	150
1226	154
1227	158
1228	162
1229	164
1230	166
1231	168
1232	169
1233	169
1234	168
1235	166
1236	164
1237	161
1238	158
1239	154
1240	150
1241	146
1242	142
1243	137
1244	134
1245	129
1246	127
1247	124
1248	123
1249	122
1250	122
1251	123
1252	124
1253	126
1254	129
1255	133
1256	136
1257	140
1258	145
1259	149
1260	153
1261	157
1262	161
1263	164
1264	166
1265	167
1266	168
1267	169
1268	168
1269	167
1270	165
1271	163
1272	159
1273	156
1274	151
1275	147
1276	143
1277	138
1278	135
1279	131
1280	127
1281	125
1282	123
1283	122
1284	122
1285	122
1286	124
1287	125
1288	128
1289	131
1290	135
1291	139
1292	144
1293	148
1294	152
1295	156
1296	160
1297	163
1298	165
1299	168
1300	168
1301	169
1302	168
1303	167
1304	165
1305	163
1306	160
1307	157
1308	153
1309	148
1310	144
1311	140
1312	136
1313	132
1314	128
1315	125
1316	124
1317	122
1318	121
1319	122
1320	123
1321	125
1322	127
1323	130
1324	133
1325	138
1326	142
1327	146
1328	150
1329	154
1330	159
1331	162
1332	165
1333	166
1334	168
1335	169
1336	168
1337	167
1338	166
1339	164
1340	161
1341	158
1342	153
1343	150
1344	145
1345	140
1346	136
1347	132
1348	130
1349	126
1350	124
1351	122
1352	121
1353	121
1354	123
1355	124
1356	127
1357	129
1358	133
1359	137
1360	140
1361	145
1362	149
1363	153
1364	157
1365	161
1366	163
1367	166
1368	167
1369	168
1370	169
1371	168
1372	166
1373	164
1374	162
1375	158
1376	155
1377	151
1378	146
1379	142
1380	138
1381	134
1382	130
1383	127
1384	125
1385	122
1386	122
1387	122
1388	122
1389	123
1390	126
1391	128
1392	132
1393	136
1394	140
1395	144
1396	148
1397	152
1398	156
1399	160
1400	163
1401	166
1402	167
1403	168
1404	168
1405	168
1406	167
1407	165
1408	162
1409	159
1410	156
1411	151
1412	147
1413	144
1414	138
1415	135
1416	131
1417	128
1418	125
1419	123
1420	122
1421	121
1422	121
1423	123
1424	124
1425	127
1426	130
1427	134
1428	138
1429	143
1430	147
1431	152
1432	156
1433	159
1434	162
1435	165
1436	167
1437	168
1438	169
1439	168
1440	168
1441	166
1442	163
1443	160
1444	157
1445	153
1446	149
1447	144
1448	140
1449	136
1450	132
1451	129
1452	126
1453	124
1454	122
1455	121
1456	121
1457	123
1458	125
1459	127
1460	129
1461	134
1462	137
1463	141
1464	146
1465	150
1466	154
1467	158
1468	161
1469	164
1470	166
1471	168
1472	169
1473	168
1474	167
1475	166
1476	164
1477	161
1478	158
1479	153
1480	150
1481	145
1482	142
1483	137
1484	133
1485	129
1486	127
1487	124
1488	122
1489	122
1490	121
1491	122
1492	123
1493	126
1494	129
1495	132
1496	136
1497	140
1498	144
1499	149
1500	153
1501	157
1502	160
1503	163
1504	166
1505	167
1506	168
1507	168
1508	168
1509	166
1510	164
1511	162
1512	158
1513	155
1514	150
1515	146
1516	142
1517	138
1518	134
1519	130
1520	127
1521	125
1522	123
1523	121
1524	121
1525	121
1526	123
1527	125
1528	128
1529	131
1530	134
1531	138
1532	143
1533	147
1534	151
1535	155
1536	159
1537	162
1538	165
1539	166
1540	167
1541	168
1542	168
1543	166
1544	164
1545	162
1546	159
1547	156
1548	152
1549	148
1550	143
1551	139
1552	135
1553	131
1554	127
1555	125
1556	123
1557	122
1558	121
1559	121
1560	123
1561	124
1562	127
1563	130
1564	133
1565	137
1566	142
1567	146
1568	150
1569	155
1570	158
1571	162
1572	164
1573	166
1574	167
1575	168
1576	168
1577	167
1578	165
1579	163
1580	160
1581	156
1582	153
1583	149
1584	144
1585	140
1586	136
1587	132
1588	129
1589	126
1590	124
1591	122
1592	121
1593	121
1594	122
1595	124
1596	126
1597	129
1598	132
1599	136
1600	141
1601	145
1602	150
1603	153
1604	157
1605	161
1606	164
1607	166
1608	167
1609	168
1610	168
1611	167
1612	166
1613	164
1614	162
1615	158
1616	154
1617	151
1618	146
1619	142
1620	138
1621	134
1622	130
1623	127
1624	125
1625	122
1626	122
1627	121
1628	122
1629	124
1630	126
1631	129
1632	132
1633	135
1634	140
1635	143
1636	149
1637	153
1638	156
1639	160
1640	163
1641	166
1642	167
1643	168
1644	168
1645	168
1646	167
1647	165
1648	162
1649	160
1650	156
1651	151
1652	147
1653	143
1654	139
1655	135
1656	131
1657	128
1658	126
1659	123
1660	122
1661	122
1662	122
1663	123
1664	126
1665	128
1666	131
1667	135
1668	139
1669	143
1670	147
1671	152
1672	156
1673	159
1674	163
1675	165
1676	167
1677	168
1678	168
1679	168
1680	167
1681	166
1682	164
1683	161
1684	157
1685	153
1686	149
1687	145
1688	140
1689	136
1690	132
1691	129
1692	126
1693	124
1694	123
1695	122
1696	122
1697	123
1698	124
1699	127
1700	130
1701	134
1702	138
1703	142
1704	146
1705	150
1706	154
1707	159
1708	161
1709	164
1710	166
1711	168
1712	168
1713	169
1714	168
1715	166
1716	164
1717	161
1718	157
1719	154
1720	150
1721	146
1722	141
1723	137
1724	133
1725	130
1726	126
1727	124
1728	123
1729	122
1730	122
1731	123
1732	124
1733	126
1734	129
1735	133
1736	136
1737	140
1738	144
1739	149
1740	153
1741	158
1742	161
1743	164
1744	166
1745	168
1746	169
1747	169
1748	169
1749	167
1750	165
1751	162
1752	159
1753	155
1754	151
1755	146
1756	142
1757	138
1758	134
1759	130
1760	128
1761	125
1762	123
1763	122
1764	122
1765	123
1766	124
1767	126
1768	129
1769	132
1770	136
1771	140
1772	143
1773	148
1774	152
1775	156
1776	160
1777	163
1778	166
1779	167
1780	168
1781	168
1782	168
1783	167
1784	166
1785	163
1786	160
1787	156
1788	152
1789	148
1790	144
1791	140
1792	136
1793	132
1794	128
1795	126
1796	124
1797	123
1798	122
1799	122
1800	123
1801	125
1802	128
1803	131
1804	134
1805	138
1806	142
1807	147
1808	151
1809	155
1810	159
1811	162
1812	164
1813	167
1814	168
1815	169
1816	169
1817	168
1818	166
1819	164
1820	161
1821	157
1822	154
1823	149
1824	145
1825	141
1826	137
1827	133
1828	129
1829	126
1830	124
1831	123
1832	122
1833	122
1834	123
1835	124
1836	127
1837	130
1838	134
1839	137
1840	141
1841	145
1842	150
1843	154
1844	158
1845	161
1846	164
1847	166
1848	168
1849	168
1850	168
1851	168
1852	166
1853	164
1854	161
1855	158
1856	155
1857	150
1858	146
1859	142
1860	138
1861	134
1862	130
1863	127
1864	125
1865	123
1866	122
1867	122
1868	123
1869	124
1870	126
1871	129
1872	132
1873	136
1874	140
1875	144
1876	149
1877	152
1878	157
1879	160
1880	163
1881	165
1882	168
1883	168
1884	169
1885	168
1886	166
1887	165
1888	162
1889	159
1890	155
1891	152
1892	147
1893	142
1894	138
1895	135
1896	131
1897	128
1898	125
1899	123
1900	122
1901	122
1902	122
1903	123
1904	125
1905	128
1906	131
1907	134
1908	138
1909	143
1910	148
1911	152
1912	156
1913	159
1914	162
1915	164
1916	166
1917	168
1918	168
1919	168
1920	167
1921	165
1922	163
1923	159
1924	156
1925	153
1926	148
1927	144
1928	140
1929	136
1930	131
1931	128
1932	126
1933	123
1934	122
1935	121
1936	122
1937	123
1938	124
1939	126
1940	130
1941	134
1942	137
1943	142
1944	146
1945	150
1946	154
1947	158
1948	161
1949	164
1950	167
1951	167
1952	169
1953	168
1954	168
1955	166
1956	163
1957	161
1958	157
1959	154
1960	149
1961	145
1962	141
1963	136
1964	133
1965	129
1966	126
1967	124
1968	122
1969	122
1970	122
1971	122
1972	124
1973	126
1974	129
1975	133
1976	136
1977	141
1978	145
1979	149
1980	154
1981	158
1982	161
1983	163
1984	166
1985	167
1986	168
1987	169
1988	168
1989	166
1990	164
1991	162
1992	158
1993	154
1994	151
1995	147
1996	142
1997	138
1998	134
1999	131
2000	127
2001	124
2002	123
2003	122
2004	122
2005	122
2006	124
2007	126
2008	129
2009	132
2010	136
2011	139
2012	144
2013	148
2014	152
2015	156
2016	160
2017	162
2018	166
2019	167
2020	169
2021	169
2022	168
2023	167
2024	165
2025	163
2026	159
2027	156
2028	152
2029	148
2030	144
2031	139
2032	135
2033	131
2034	128
2035	125
2036	123
2037	122
2038	122
2039	122
2040	123
2041	125
2042	128
2043	131
2044	134
2045	138
2046	142
2047	147
2048	151
2049	155
2050	159
2051	162
2052	165
2053	167
2054	168
2055	169
2056	168
2057	168
2058	166
2059	163
2060	160
2061	157
2062	154
2063	149
2064	145
2065	140
2066	136
2067	132
2068	130
2069	127
2070	125
2071	122
2072	122
2073	122
2074	123
2075	125
2076	127
2077	130
2078	133
2079	137
2080	142
2081	146
2082	150
2083	154
2084	158
2085	161
2086	164
2087	166
2088	168
2089	169
2090	168
2091	168
2092	166
2093	164
2094	162
2095	158
2096	154
2097	150
2098	146
2099	142
2100	137
2101	134
2102	130
2103	127
2104	124
2105	122
2106	122
2107	122
2108	123
2109	124
2110	126
2111	129
2112	132
2113	136
2114	140
2115	145
2116	149
2117	153
2118	157
2119	160
2120	164
2121	166
2122	167
2123	169
2124	169
2125	168
2126	167
2127	165
2128	162
2129	159
2130	155
2131	152
2132	147
2133	143
2134	139
2135	135
2136	131
2137	128
2138	125
2139	124
2140	122
2141	122
2142	122
2143	124
2144	125
2145	128
2146	131
2147	135
2148	139
2149	143
2150	148
2151	151
2152	156
2153	160
2154	162
2155	165
2156	167
2157	168
2158	169
2159	168
2160	167
2161	166
2162	163
2163	160
2164	156
2165	153
2166	148
2167	144
2168	140
2169	136
2170	132
2171	129
2172	126
2173	124
2174	122
2175	122
2176	122
2177	124
2178	125
2179	127
2180	131
2181	134
2182	138
2183	142
2184	146
2185	150
2186	155
2187	159
2188	162
2189	164
2190	166
2191	168
2192	168
2193	168
2194	168
2195	166
2196	164
2197	161
2198	157
2199	154
2200	149
2201	145
2202	141
2203	137
2204	133
2205	130
2206	127
2207	124
2208	123
2209	122
2210	122
2211	122
2212	124
2213	126
2214	129
2215	133
2216	136
2217	141
2218	145
2219	149
2220	153
2221	158
2222	161
2223	164
2224	166
2225	168
2226	168
2227	169
2228	168
2229	166
2230	164
2231	162
2232	159
2233	154
2234	151
2235	146
2236	142
2237	137
2238	134
2239	130
2240	127
2241	125
2242	123
2243	122
2244	121
2245	122
2246	124
2247	126
2248	128
2249	132
2250	136
2251	139
2252	143
2253	148
2254	152
2255	156
2256	160
2257	163
2258	164
2259	167
2260	168
2261	168
2262	168
2263	166
2264	165
2265	162
2266	159
2267	155
2268	152
2269	148
2270	143
2271	139
2272	135
2273	132
2274	128
2275	125
2276	124
2277	122
2278	122
2279	121
2280	123
2281	125
2282	127
2283	131
2284	134
2285	138
2286	142
2287	146
2288	151
2289	155
2290	159
2291	162
2292	165
2293	166
2294	168
2295	169
2296	168
2297	167
2298	165
2299	163
2300	160
2301	156
2302	152
2303	148
2304	144
2305	140
2306	136
2307	132
2308	129
2309	126
2310	124
2311	122
2312	122
2313	122
2314	123
2315	124
2316	127
2317	130
2318	134
2319	137
2320	141
2321	146
2322	150
2323	153
2324	158
2325	161
2326	164
2327	166
2328	167
2329	168
2330	168
2331	168
2332	166
2333	164
2334	162
2335	157
2336	154
2337	150
2338	145
2339	141
2340	137
2341	133
2342	129
2343	127
2344	124
2345	122
2346	122
2347	122
2348	122
2349	124
2350	126
2351	129
2352	132
2353	137
2354	140
2355	144
2356	149
2357	153
2358	157
2359	160
2360	164
2361	166
2362	167
2363	169
2364	168
2365	168
2366	166
2367	164
2368	162
2369	158
2370	155
2371	151
2372	147
2373	143
2374	138
2375	134
2376	131
2377	128
2378	125
2379	123
2380	122
2381	122
2382	123
2383	124
2384	125
2385	128
2386	131
2387	135
2388	139
2389	143
2390	147
2391	151
2392	156
2393	159
2394	162
2395	165
2396	167
2397	168
2398	168
2399	168
2400	167
2401	165
2402	163
2403	160
2404	157
2405	152
2406	148
2407	144
2408	139
2409	136
2410	132
2411	129
2412	126
2413	123
2414	122
2415	122
2416	122
2417	123
2418	125
2419	127
2420	131
2421	133
2422	138
2423	142
2424	146
2425	151
2426	154
2427	158
2428	162
2429	164
2430	166
2431	168
2432	168
2433	168
2434	167
2435	166
2436	163
2437	161
2438	157
2439	154
2440	149
2441	145
2442	141
2443	136
2444	132
2445	129
2446	126
2447	124
2448	122
2449	122
2450	121
2451	122
2452	124
2453	126
2454	129
2455	133
2456	137
2457	140
2458	145
2459	149
2460	153
2461	157
2462	160
2463	163
2464	166
2465	167
2466	168
2467	168
2468	168
2469	166
2470	164
2471	161
2472	158
2473	154
2474	150
2475	146
2476	142
2477	138
2478	134
2479	130
2480	127
2481	124
2482	122
2483	122
2484	121
2485	122
2486	124
2487	126
2488	129
2489	132
2490	136
2491	139
2492	144
2493	148
2494	152
2495	156
2496	160
2497	163
2498	165
2499	167
2500	168
2501	168
2502	168
2503	166
2504	165
2505	163
2506	159
2507	156
2508	152
2509	148
2510	143
2511	139
2512	134
2513	131
2514	128
2515	126
2516	123
2517	122
2518	122
2519	122
2520	123
2521	125
2522	127
2523	131
2524	134
2525	139
2526	143
2527	147
2528	151
2529	155
2530	159
2531	162
2532	164
2533	167
2534	168
2535	168
2536	168
2537	167
2538	165
2539	163
2540	160
2541	157
2542	153
2543	149
2544	144
2545	140
2546	136
2547	133
2548	130
2549	126
2550	125
2551	123
2552	122
2553	122
2554	123
2555	124
2556	127
2557	130
2558	134
2559	138
2560	142
2561	146
2562	150
2563	154
2564	158
2565	162
2566	164
2567	166
2568	168
2569	168
2570	168
2571	167
2572	166
2573	164
2574	161
2575	158
2576	154
2577	150
2578	145
2579	141
2580	137
2581	134
2582	130
2583	126
2584	124
2585	123
2586	122
2587	121
2588	122
2589	124
2590	127
2591	129
2592	132
2593	136
2594	140
2595	144
2596	148
2597	154
2598	157
2599	161
2600	163
2601	166
2602	167
2603	168
2604	168
2605	168
2606	166
2607	164
2608	162
2609	158
2610	155
2611	151
2612	146
2613	142
2614	138
2615	134
2616	130
2617	128
2618	125
2619	123
2620	122
2621	121
2622	122
2623	123
2624	125
2625	128
2626	131
2627	135
2628	139
2629	143
2630	147
2631	151
2632	156
2633	159
2634	162
2635	165
2636	166
2637	167
2638	168
2639	168
2640	166
2641	164
2642	162
2643	159
2644	156
2645	152
2646	148
2647	143
2648	139
2649	135
2650	131
2651	128
2652	125
2653	123
2654	122
2655	122
2656	122
2657	123
2658	125
2659	127
2660	130
2661	134
2662	138
2663	142
2664	146
2665	150
2666	154
2667	158
2668	161
2669	164
2670	166
2671	167
2672	168
2673	167
2674	167
2675	165
2676	163
2677	160
2678	156
2679	153
2680	148
2681	144
2682	140
2683	136
2684	132
2685	129
2686	126
2687	124
2688	122
2689	121
2690	122
2691	122
2692	124
2693	126
2694	129
2695	132
2696	136
2697	141
2698	145
2699	149
2700	153
2701	157
2702	160
2703	164
2704	165
2705	167
2706	167
2707	168
2708	167
2709	166
2710	163
2711	161
2712	158
2713	154
2714	150
2715	145
2716	141
2717	137
2718	133
2719	130
2720	127
2721	124
2722	123
2723	122
2724	122
2725	122
2726	124
2727	125
2728	129
2729	132
2730	136
2731	140
2732	144
2733	148
2734	153
2735	156
2736	160
2737	162
2738	165
2739	166
2740	168
2741	168
2742	168
2743	167
2744	164
2745	162
2746	159
2747	155
2748	151
2749	147
2750	142
2751	139
2752	135
2753	131
2754	128
2755	125
2756	123
2757	122
2758	122
2759	122
2760	123
2761	125
2762	128
2763	131
2764	135
2765	139
2766	143
2767	147
2768	151
2769	156
2770	159
2771	162
2772	165
2773	167
2774	168
2775	168
2776	168
2777	167
2778	165
2779	163
2780	160
2781	156
2782	152
2783	148
2784	144
2785	140
2786	136
2787	132
2788	129
2789	126
2790	124
2791	122
2792	122
2793	122
2794	123
2795	125
2796	128
2797	130
2798	134
2799	138
2800	142
2801	146
2802	151
2803	154
2804	158
2805	161
2806	164
2807	166
2808	167
2809	168
2810	168
2811	168
2812	166
2813	164
2814	161
2815	157
2816	154
2817	149
2818	146
2819	141
2820	137
2821	133
2822	130
2823	127
2824	124
2825	123
2826	122
2827	122
2828	123
2829	124
2830	127
2831	130
2832	132
2833	136
2834	140
2835	145
2836	149
2837	153
2838	157
2839	160
2840	163
2841	166
2842	167
2843	168
2844	168
2845	168
2846	166
2847	164
2848	162
2849	159
2850	155
2851	150
2852	147
2853	142
2854	138
2855	134
2856	130
2857	128
2858	125
2859	123
2860	122
2861	122
2862	122
2863	124
2864	126
2865	128
2866	132
2867	135
2868	140
2869	144
2870	148
2871	152
2872	156
2873	160
2874	163
2875	165
2876	167
2877	168
2878	168
2879	168
2880	167
2881	165
2882	163
2883	160
2884	156
2885	152
2886	148
2887	144
2888	139
2889	136
2890	132
2891	129
2892	126
2893	124
2894	123
2895	122
2896	122
2897	124
2898	126
2899	128
2900	131
2901	135
2902	139
2903	143
2904	147
2905	151
2906	156
2907	159
2908	162
2909	165
2910	167
2911	168
2912	169
2913	168
2914	167
2915	166
2916	163
2917	161
2918	157
2919	154
2920	150
2921	145
2922	141
2923	137
2924	133
2925	130
2926	127
2927	125
2928	123
2929	123
2930	123
2931	124
2932	125
2933	128
2934	130
2935	134
2936	138
2937	142
2938	146
2939	151
2940	154
2941	158
2942	162
2943	165
2944	167
2945	168
2946	169
2947	169
2948	168
2949	167
2950	165
2951	162
2952	159
2953	155
2954	151
2955	146
2956	142
2957	138
2958	135
2959	131
2960	127
2961	125
2962	123
2963	123
2964	123
2965	123
2966	125
2967	127
2968	129
2969	133
2970	137
2971	141
2972	145
2973	149
2974	154
2975	157
2976	161
2977	163
2978	166
2979	168
2980	169
2981	169
2982	169
2983	167
2984	165
2985	163
2986	160
2987	156
2988	152
2989	148
2990	144
2991	139
2992	136
2993	132
2994	128
2995	126
2996	124
2997	123
2998	123
2999	123
3000	124
3001	126
3002	128
3003	132
3004	135
3005	139
3006	144
3007	148
3008	152
3009	156
3010	159
3011	162
3012	166
3013	167
3014	169
3015	169
3016	168
3017	167
3018	166
3019	163
3020	160
3021	156
3022	153
3023	149
3024	144
3025	140
3026	136
3027	133
3028	129
3029	127
3030	124
3031	123
3032	122
3033	123
3034	124
3035	125
3036	128
3037	131
3038	135
3039	138
3040	142
3041	147
3042	151
3043	154
3044	159
3045	162
3046	165
3047	166
3048	168
3049	168
3050	168
3051	168
3052	166
3053	164
3054	161
3055	157
3056	154
3057	150
3058	146
3059	141
3060	137
3061	133
3062	130
3063	127
3064	125
3065	123
3066	122
3067	122
3068	123
3069	125
3070	126
3071	130
3072	133
3073	137
3074	141
3075	145
3076	150
3077	154
3078	158
3079	161
3080	163
3081	166
3082	168
3083	168
3084	168
3085	168
3086	167
3087	165
3088	162
3089	159
3090	155
3091	151
3092	147
3093	142
3094	138
3095	134
3096	131
3097	128
3098	125
3099	124
3100	122
3101	122
3102	123
3103	124
3104	127
3105	129
3106	132
3107	136
3108	140
3109	144
3110	148
3111	152
3112	156
3113	160
3114	163
3115	165
3116	167
3117	168
3118	168
3119	168
3120	167
3121	165
3122	163
3123	160
3124	156
3125	153
3126	148
3127	144
3128	140
3129	136
3130	132
3131	129
3132	126
3133	124
3134	123
3135	123
3136	123
3137	124
3138	125
3139	128
3140	131
3141	135
3142	139
3143	143
3144	147
3145	151
3146	156
3147	159
3148	162
3149	165
3150	167
3151	168
3152	169
3153	168
3154	167
3155	166
3156	164
3157	161
3158	157
3159	153
3160	150
3161	145
3162	140
3163	137
3164	133
3165	130
3166	127
3167	124
3168	123
3169	122
3170	123
3171	123
3172	125
3173	128
3174	131
3175	134
3176	138
3177	142
3178	146
3179	150
3180	155
3181	158
3182	162
3183	164
3184	166
3185	168
3186	169
3187	169
3188	167
3189	166
3190	164
3191	161
3192	158
3193	154
3194	150
3195	146
3196	142
3197	137
3198	134
3199	130
3200	127
3201	125
3202	123
3203	123
3204	122
3205	123
3206	124
3207	127
3208	129
3209	133
3210	136
3211	141
3212	145
3213	149
3214	153
3215	157
3216	161
3217	164
3218	166
3219	168
3220	169
3221	169
3222	168
3223	167
3224	165
3225	163
3226	160
3227	156
3228	151
3229	147
3230	143
3231	139
3232	135
3233	131
3234	129
3235	126
3236	124
3237	122
3238	123
3239	123
3240	124
3241	126
3242	128
3243	132
3244	136
3245	139
3246	144
3247	148
3248	152
3249	156
3250	160
3251	163
3252	166
3253	167
3254	168
3255	169
3256	168
3257	167
3258	165
3259	163
3260	160
3261	156
3262	153
3263	149
3264	144
3265	140
3266	136
3267	133
3268	129
3269	126
3270	124
3271	123
3272	122
3273	123
3274	124
3275	125
3276	128
3277	131
3278	135
3279	139
3280	143
3281	147
3282	151
3283	155
3284	158
3285	162
3286	165
3287	167
3288	168
3289	169
3290	168
3291	168
3292	166
3293	164
3294	161
3295	158
3296	154
3297	150
3298	146
3299	142
3300	137
3301	133
3302	130
3303	127
3304	125
3305	124
3306	123
3307	123
3308	123
3309	125
3310	127
3311	130
3312	134
3313	138
3314	141
3315	145
3316	150
3317	154
3318	158
3319	161
3320	164
3321	166
3322	168
3323	169
3324	169
3325	168
3326	167
3327	165
3328	162
3329	159
3330	155
3331	151
3332	147
3333	143
3334	139
3335	134
3336	131
3337	128
3338	126
3339	124
3340	123
3341	123
3342	124
3343	125
3344	127
3345	130
3346	133
3347	136
3348	141
3349	145
3350	149
3351	153
3352	157
3353	161
3354	163
3355	166
3356	168
3357	169
3358	169
3359	168
3360	168
3361	165
3362	163
3363	160
3364	156
3365	152
3366	148
3367	144
3368	140
3369	136
3370	132
3371	129
3372	126
3373	125
3374	123
3375	123
3376	123
3377	124
3378	126
3379	129
3380	132
3381	135
3382	139
3383	144
3384	148
3385	152
3386	156
3387	159
3388	162
3389	165
3390	167
3391	168
3392	169
3393	169
3394	168
3395	166
3396	164
3397	161
3398	157
3399	154
3400	149
3401	145
3402	141
3403	137
3404	134
3405	130
3406	127
3407	125
3408	124
3409	123
3410	123
3411	124
3412	125
3413	128
3414	130
3415	134
3416	138
3417	142
3418	146
3419	151
3420	155
3421	159
3422	162
3423	164
3424	166
3425	168
3426	169
3427	169
3428	168
3429	167
3430	164
3431	161
3432	158
3433	154
3434	150
3435	146
3436	142
3437	138
3438	134
3439	131
3440	128
3441	125
3442	124
3443	123
3444	123
3445	124
3446	125
3447	127
3448	130
3449	133
3450	137
3451	141
3452	145
3453	150
3454	153
3455	157
3456	161
3457	164
3458	166
3459	168
3460	169
3461	169
3462	168
3463	167
3464	165
3465	162
3466	159
3467	156
3468	151
3469	147
3470	143
3471	139
3472	135
3473	131
3474	128
3475	126
3476	124
3477	123
3478	123
3479	123
3480	125
3481	126
3482	129
3483	132
3484	136
3485	140
3486	144
3487	148
3488	152
3489	156
3490	160
3491	163
3492	165
3493	167
3494	168
3495	168
3496	168
3497	167
3498	166
3499	163
3500	160
3501	156
3502	153
3503	148
3504	144
3505	140
3506	136
3507	132
3508	129
3509	126
3510	124
3511	123
3512	122
3513	123
3514	124
3515	125
3516	128
3517	131
3518	135
3519	138
3520	143
3521	146
3522	151
3523	155
3524	159
3525	162
3526	165
3527	166
3528	168
3529	168
3530	168
3531	168
3532	166
3533	163
3534	161
3535	158
3536	154
3537	150
3538	145
3539	141
3540	137
3541	133
3542	130
3543	127
3544	124
3545	124
3546	122
3547	123
3548	123
3549	125
3550	128
3551	130
3552	134
3553	137
3554	141
3555	146
3556	150
3557	154
3558	157
3559	161
3560	164
3561	166
3562	168
3563	169
3564	169
3565	168
3566	166
3567	164
3568	162
3569	159
3570	155
3571	151
3572	146
3573	142
3574	138
3575	134
3576	131
3577	128
3578	125
3579	124
3580	122
3581	122
3582	123
3583	124
3584	126
3585	129
3586	132
3587	136
3588	140
3589	144
3590	148
3591	153
3592	156
3593	160
3594	163
3595	166
3596	167
3597	168
3598	168
3599	168
3600	167
3601	165
3602	162
3603	159
3604	156
3605	151
3606	148
3607	143
3608	139
3609	135
3610	131
3611	128
3612	126
3613	123
3614	122
3615	122
3616	123
3617	124
3618	126
3619	128
3620	132
3621	135
3622	139
3623	143
3624	148
3625	151
3626	155
3627	159
3628	162
3629	164
3630	166
3631	168
3632	168
3633	168
3634	167
3635	165
3636	163
3637	160
3638	157
3639	153
3640	149
3641	144
3642	141
3643	136
3644	132
3645	129
3646	126
3647	124
3648	123
3649	122
3650	123
3651	124
3652	125
3653	127
3654	130
3655	134
3656	138
3657	142
3658	146
3659	150
3660	154
3661	158
3662	161
3663	164
3664	166
3665	168
3666	168
3667	168
3668	168
3669	166
3670	164
3671	161
3672	158
3673	154
3674	150
3675	145
3676	141
3677	138
3678	134
3679	130
3680	127
3681	125
3682	123
3683	122
3684	123
3685	123
3686	125
3687	127
3688	129
3689	133
3690	137
3691	141
3692	145
3693	149
3694	153
3695	157
3696	160
3697	163
3698	166
3699	167
3700	168
3701	168
3702	168
3703	166
3704	165
3705	162
3706	159
3707	155
3708	151
3709	146
3710	142
3711	138
3712	134
3713	131
3714	128
3715	125
3716	123
3717	122
3718	122
3719	123
3720	124
3721	126
3722	129
3723	132
3724	135
3725	139
3726	144
3727	148
3728	152
3729	156
3730	159
3731	163
3732	164
3733	167
3734	168
3735	168
3736	168
3737	167
3738	165
3739	162
3740	159
3741	156
3742	152
3743	148
3744	143
3745	139
3746	135
3747	132
3748	128
3749	126
3750	123
3751	122
3752	122
3753	122
3754	124
3755	125
3756	128
3757	131
3758	134
3759	138
3760	143
3761	147
3762	151
3763	155
3764	158
3765	162
3766	164
3767	166
3768	168
3769	168
3770	168
3771	167
3772	166
3773	163
3774	161
3775	157
3776	153
3777	149
3778	145
3779	140
3780	136
3781	133
3782	130
3783	126
3784	124
3785	123
3786	122
3787	122
3788	123
3789	125
3790	128
3791	130
3792	134
3793	137
3794	141
3795	146
3796	150
3797	154
3798	157
3799	161
3800	164
3801	166
3802	167
3803	168
3804	168
3805	167
3806	166
3807	163
3808	161
3809	158
3810	155
3811	150
3812	146
3813	142
3814	137
3815	133
3816	130
3817	127
3818	125
3819	123
3820	122
3821	122
3822	122
3823	124
3824	126
3825	128
3826	132
3827	136
3828	139
3829	144
3830	148
3831	152
3832	156
3833	160
3834	163
3835	165
3836	167
3837	168
3838	168
3839	168
3840	166
3841	164
3842	162
3843	158
3844	155
3845	151
3846	147
3847	142
3848	139
3849	135
3850	131
3851	128
3852	126
3853	123
3854	122
3855	122
3856	122
3857	123
3858	125
3859	128
3860	131
3861	135
3862	139
3863	143
3864	147
3865	151
3866	155
3867	159
3868	162
3869	164
3870	166
3871	167
3872	168
3873	168
3874	167
3875	165
3876	163
3877	160
3878	156
3879	152
3880	148
3881	144
3882	140
3883	136
3884	132
3885	129
3886	126
3887	124
3888	122
3889	122
3890	122
3891	123
3892	124
3893	127
3894	130
3895	134
3896	138
3897	142
3898	146
3899	150
3900	154
3901	158
3902	161
3903	164
3904	166
3905	167
3906	168
3907	168
3908	167
3909	165
3910	163
3911	160
3912	157
3913	153
3914	149
3915	146
3916	141
3917	137
3918	133
3919	129
3920	127
3921	124
3922	122
3923	122
3924	122
3925	123
3926	124
3927	126
3928	130
3929	133
3930	137
3931	140
3932	145
3933	149
3934	154
3935	157
3936	160
3937	163
3938	166
3939	167
3940	168
3941	168
3942	167
3943	166
3944	164
3945	161
3946	158
3947	155
3948	150
3949	146
3950	142
3951	138
3952	134
3953	130
3954	128
3955	125
3956	123
3957	122
3958	122
3959	122
3960	124
3961	126
3962	128
3963	132
3964	135
3965	139
3966	143
3967	148
3968	152
3969	156
3970	160
3971	162
3972	165
3973	167
3974	168
3975	168
3976	168
3977	166
3978	165
3979	162
3980	159
3981	155
3982	152
3983	148
3984	143
3985	139
3986	135
3987	132
3988	128
3989	126
3990	123
3991	123
3992	122
3993	122
3994	124
3995	125
3996	128
3997	131
3998	134
3999	139
4000	143
4001	147
4002	151
4003	155
4004	159
4005	162
4006	164
4007	166
4008	167
4009	168
4010	168
4011	167
4012	165
4013	163
4014	160
4015	157
4016	153
4017	149
4018	145
4019	141
4020	136
4021	133
4022	129
4023	127
4024	124
4025	123
4026	122
4027	122
4028	123
4029	125
4030	127
4031	131
4032	134
4033	138
4034	141
4035	146
4036	150
4037	154
4038	158
4039	161
4040	163
4041	166
4042	168
4043	168
4044	169
4045	167
4046	166
4047	164
4048	161
4049	158
4050	154
4051	150
4052	146
4053	142
4054	138
4055	134
4056	131
4057	127
4058	125
4059	123
4060	123
4061	123
4062	123
4063	125
4064	126
4065	130
4066	133
4067	136
4068	140
4069	145
4070	149
4071	153
4072	157
4073	160
4074	164
4075	166
4076	167
4077	168
4078	168
4079	168
