
TIME STEP:
80 = 1ms

VOLTAGE STEP:
32 = 30mV

N	CH1

1	146
2	146
3	145
4	144
5	143
6	143
7	142
8	141
9	140
10	140
11	139
12	140
13	139
14	139
15	138
16	138
17	138
18	138
19	138
20	139
21	140
22	139
23	140
24	141
25	142
26	142
27	143
28	143
29	144
30	145
31	145
32	146
33	147
34	148
35	148
36	149
37	149
38	149
39	150
40	150
41	150
42	150
43	150
44	150
45	149
46	149
47	148
48	148
49	147
50	147
51	146
52	145
53	145
54	144
55	144
56	142
57	142
58	141
59	140
60	140
61	139
62	139
63	139
64	139
65	138
66	138
67	139
68	138
69	139
70	139
71	140
72	140
73	141
74	142
75	143
76	143
77	144
78	145
79	146
80	147
81	147
82	148
83	149
84	149
85	149
86	150
87	150
88	150
89	150
90	150
91	150
92	150
93	150
94	149
95	149
96	149
97	148
98	147
99	147
100	146
101	145
102	145
103	144
104	143
105	142
106	141
107	141
108	140
109	139
110	139
111	139
112	139
113	138
114	138
115	139
116	139
117	139
118	139
119	139
120	140
121	140
122	141
123	142
124	142
125	143
126	143
127	144
128	146
129	146
130	147
131	147
132	148
133	149
134	149
135	150
136	149
137	149
138	150
139	150
140	149
141	150
142	150
143	149
144	148
145	148
146	148
147	147
148	146
149	145
150	144
151	144
152	143
153	143
154	142
155	141
156	140
157	140
158	140
159	139
160	139
161	139
162	138
163	138
164	138
165	138
166	139
167	139
168	139
169	140
170	141
171	141
172	141
173	142
174	143
175	144
176	144
177	145
178	146
179	147
180	148
181	148
182	149
183	149
184	149
185	149
186	149
187	150
188	149
189	150
190	149
191	149
192	149
193	149
194	148
195	147
196	147
197	146
198	145
199	145
200	144
201	143
202	142
203	141
204	141
205	140
206	140
207	139
208	139
209	139
210	138
211	138
212	138
213	138
214	139
215	138
216	139
217	140
218	140
219	141
220	141
221	142
222	143
223	143
224	144
225	145
226	146
227	146
228	148
229	148
230	148
231	149
232	149
233	149
234	150
235	150
236	150
237	150
238	150
239	150
240	149
241	149
242	148
243	148
244	148
245	147
246	147
247	146
248	145
249	144
250	144
251	142
252	142
253	142
254	140
255	140
256	139
257	139
258	138
259	138
260	138
261	139
262	138
263	139
264	140
265	140
266	140
267	140
268	141
269	141
270	142
271	142
272	143
273	144
274	146
275	147
276	147
277	148
278	148
279	149
280	149
281	149
282	150
283	150
284	150
285	150
286	150
287	150
288	149
289	149
290	150
291	149
292	148
293	148
294	147
295	146
296	146
297	145
298	144
299	144
300	143
301	142
302	141
303	141
304	140
305	140
306	140
307	139
308	138
309	139
310	139
311	139
312	139
313	140
314	140
315	140
316	141
317	142
318	142
319	143
320	143
321	144
322	145
323	146
324	146
325	148
326	148
327	148
328	149
329	150
330	150
331	150
332	150
333	150
334	151
335	150
336	150
337	150
338	150
339	149
340	149
341	148
342	148
343	147
344	146
345	146
346	145
347	144
348	143
349	142
350	141
351	141
352	140
353	140
354	140
355	139
356	139
357	139
358	139
359	139
360	139
361	139
362	139
363	140
364	140
365	141
366	142
367	142
368	143
369	144
370	144
371	145
372	146
373	146
374	147
375	148
376	148
377	149
378	149
379	150
380	150
381	150
382	150
383	151
384	150
385	150
386	149
387	149
388	149
389	148
390	147
391	147
392	146
393	145
394	144
395	144
396	144
397	143
398	142
399	141
400	140
401	140
402	139
403	139
404	140
405	139
406	138
407	139
408	139
409	139
410	139
411	139
412	140
413	140
414	141
415	141
416	142
417	143
418	144
419	145
420	146
421	146
422	147
423	148
424	148
425	149
426	149
427	149
428	150
429	150
430	150
431	150
432	151
433	150
434	150
435	150
436	149
437	148
438	148
439	148
440	147
441	146
442	145
443	145
444	144
445	143
446	142
447	142
448	141
449	141
450	140
451	140
452	138
453	139
454	138
455	138
456	139
457	139
458	139
459	139
460	139
461	139
462	140
463	141
464	141
465	142
466	142
467	144
468	144
469	145
470	146
471	146
472	147
473	147
474	148
475	149
476	150
477	150
478	150
479	149
480	150
481	150
482	150
483	150
484	149
485	149
486	148
487	148
488	147
489	147
490	146
491	145
492	144
493	143
494	143
495	142
496	142
497	141
498	141
499	140
500	140
501	139
502	139
503	138
504	139
505	138
506	138
507	139
508	138
509	139
510	140
511	140
512	140
513	141
514	142
515	142
516	144
517	144
518	145
519	146
520	146
521	147
522	148
523	148
524	148
525	149
526	149
527	150
528	150
529	150
530	150
531	149
532	150
533	148
534	148
535	148
536	147
537	147
538	146
539	146
540	145
541	144
542	143
543	143
544	142
545	140
546	140
547	139
548	139
549	139
550	139
551	139
552	138
553	138
554	138
555	139
556	139
557	139
558	139
559	140
560	140
561	141
562	142
563	142
564	142
565	143
566	144
567	145
568	145
569	147
570	147
571	148
572	148
573	149
574	149
575	149
576	150
577	150
578	150
579	149
580	149
581	149
582	149
583	148
584	148
585	147
586	146
587	146
588	145
589	145
590	144
591	143
592	143
593	142
594	141
595	140
596	140
597	140
598	139
599	139
600	138
601	138
602	138
603	138
604	138
605	138
606	139
607	139
608	140
609	140
610	141
611	141
612	142
613	143
614	144
615	144
616	146
617	146
618	147
619	147
620	148
621	148
622	148
623	149
624	149
625	149
626	149
627	149
628	149
629	150
630	149
631	149
632	148
633	148
634	147
635	146
636	146
637	146
638	145
639	144
640	143
641	142
642	142
643	141
644	140
645	140
646	139
647	139
648	139
649	139
650	138
651	138
652	138
653	139
654	139
655	140
656	140
657	141
658	141
659	142
660	142
661	143
662	144
663	145
664	145
665	146
666	146
667	147
668	148
669	148
670	148
671	149
672	149
673	150
674	150
675	150
676	150
677	150
678	150
679	150
680	149
681	148
682	148
683	147
684	146
685	146
686	145
687	144
688	144
689	143
690	142
691	142
692	141
693	140
694	139
695	139
696	139
697	138
698	138
699	138
700	138
701	138
702	139
703	139
704	140
705	140
706	140
707	141
708	141
709	142
710	143
711	144
712	144
713	146
714	146
715	147
716	148
717	148
718	149
719	149
720	149
721	150
722	150
723	150
724	150
725	150
726	150
727	149
728	149
729	149
730	148
731	148
732	148
733	147
734	146
735	146
736	145
737	144
738	143
739	142
740	142
741	141
742	140
743	140
744	140
745	139
746	138
747	138
748	138
749	139
750	139
751	139
752	140
753	140
754	140
755	141
756	142
757	142
758	142
759	143
760	144
761	145
762	146
763	146
764	147
765	148
766	148
767	149
768	150
769	150
770	150
771	150
772	151
773	150
774	150
775	150
776	150
777	150
778	150
779	149
780	148
781	148
782	147
783	146
784	146
785	145
786	144
787	143
788	143
789	142
790	142
791	141
792	140
793	140
794	139
795	139
796	139
797	139
798	139
799	140
800	140
801	139
802	140
803	141
804	141
805	142
806	142
807	143
808	144
809	144
810	145
811	146
812	147
813	147
814	148
815	148
816	149
817	149
818	149
819	150
820	150
821	150
822	150
823	150
824	150
825	150
826	150
827	149
828	148
829	148
830	147
831	147
832	146
833	145
834	145
835	144
836	143
837	142
838	141
839	140
840	140
841	140
842	140
843	140
844	139
845	139
846	139
847	139
848	138
849	139
850	139
851	139
852	141
853	141
854	142
855	142
856	143
857	144
858	144
859	144
860	145
861	146
862	147
863	147
864	148
865	148
866	149
867	149
868	150
869	150
870	150
871	150
872	150
873	150
874	148
875	149
876	149
877	148
878	148
879	147
880	146
881	146
882	144
883	144
884	144
885	143
886	142
887	141
888	140
889	140
890	140
891	139
892	138
893	138
894	138
895	138
896	138
897	139
898	139
899	139
900	139
901	140
902	141
903	141
904	142
905	143
906	143
907	144
908	145
909	145
910	146
911	147
912	148
913	148
914	149
915	150
916	149
917	150
918	150
919	150
920	150
921	150
922	150
923	150
924	149
925	148
926	148
927	148
928	147
929	146
930	146
931	144
932	144
933	143
934	142
935	142
936	141
937	140
938	140
939	140
940	140
941	139
942	139
943	139
944	138
945	139
946	139
947	139
948	140
949	140
950	141
951	141
952	142
953	143
954	143
955	144
956	144
957	145
958	146
959	148
960	148
961	148
962	148
963	149
964	150
965	150
966	150
967	150
968	150
969	150
970	150
971	150
972	149
973	149
974	148
975	148
976	147
977	147
978	146
979	145
980	144
981	144
982	143
983	142
984	142
985	141
986	140
987	140
988	139
989	139
990	139
991	139
992	139
993	139
994	139
995	139
996	139
997	140
998	140
999	140
1000	141
1001	142
1002	142
1003	143
1004	144
1005	145
1006	145
1007	146
1008	147
1009	148
1010	148
1011	148
1012	149
1013	149
1014	150
1015	150
1016	150
1017	150
1018	150
1019	149
1020	149
1021	149
1022	149
1023	148
1024	148
1025	147
1026	146
1027	146
1028	145
1029	144
1030	144
1031	143
1032	142
1033	142
1034	141
1035	141
1036	140
1037	140
1038	139
1039	139
1040	139
1041	138
1042	139
1043	139
1044	139
1045	139
1046	140
1047	140
1048	140
1049	141
1050	142
1051	142
1052	143
1053	144
1054	145
1055	145
1056	146
1057	147
1058	148
1059	148
1060	148
1061	149
1062	150
1063	150
1064	150
1065	150
1066	150
1067	150
1068	150
1069	149
1070	149
1071	149
1072	147
1073	147
1074	146
1075	146
1076	146
1077	145
1078	144
1079	143
1080	142
1081	142
1082	141
1083	140
1084	140
1085	139
1086	139
1087	139
1088	139
1089	138
1090	138
1091	138
1092	138
1093	139
1094	139
1095	140
1096	140
1097	141
1098	142
1099	142
1100	143
1101	143
1102	144
1103	145
1104	146
1105	146
1106	147
1107	148
1108	149
1109	149
1110	149
1111	149
1112	150
1113	150
1114	150
1115	150
1116	150
1117	150
1118	149
1119	149
1120	148
1121	148
1122	148
1123	146
1124	146
1125	146
1126	145
1127	143
1128	143
1129	143
1130	142
1131	142
1132	141
1133	140
1134	140
1135	140
1136	139
1137	139
1138	138
1139	138
1140	139
1141	139
1142	139
1143	140
1144	139
1145	140
1146	141
1147	141
1148	142
1149	143
1150	144
1151	145
1152	145
1153	146
1154	147
1155	148
1156	148
1157	149
1158	149
1159	150
1160	150
1161	150
1162	150
1163	150
1164	150
1165	150
1166	150
1167	150
1168	149
1169	149
1170	148
1171	148
1172	147
1173	146
1174	146
1175	145
1176	143
1177	143
1178	142
1179	142
1180	141
1181	141
1182	140
1183	140
1184	139
1185	139
1186	138
1187	139
1188	139
1189	139
1190	139
1191	139
1192	140
1193	141
1194	141
1195	142
1196	142
1197	142
1198	143
1199	144
1200	145
1201	145
1202	146
1203	147
1204	148
1205	148
1206	149
1207	149
1208	149
1209	149
1210	151
1211	150
1212	150
1213	150
1214	150
1215	149
1216	149
1217	149
1218	148
1219	148
1220	148
1221	147
1222	146
1223	145
1224	145
1225	144
1226	143
1227	142
1228	141
1229	141
1230	141
1231	140
1232	140
1233	139
1234	138
1235	139
1236	139
1237	139
1238	139
1239	139
1240	140
1241	140
1242	140
1243	140
1244	141
1245	142
1246	143
1247	143
1248	144
1249	145
1250	146
1251	147
1252	147
1253	148
1254	148
1255	149
1256	148
1257	150
1258	149
1259	150
1260	150
1261	150
1262	150
1263	150
1264	150
1265	149
1266	149
1267	149
1268	148
1269	147
1270	146
1271	146
1272	145
1273	144
1274	144
1275	143
1276	142
1277	141
1278	141
1279	140
1280	140
1281	139
1282	139
1283	138
1284	139
1285	139
1286	139
1287	139
1288	139
1289	140
1290	140
1291	141
1292	141
1293	142
1294	143
1295	143
1296	143
1297	144
1298	145
1299	145
1300	146
1301	147
1302	148
1303	148
1304	149
1305	149
1306	149
1307	150
1308	150
1309	150
1310	150
1311	150
1312	149
1313	149
1314	149
1315	149
1316	149
1317	148
1318	147
1319	147
1320	146
1321	145
1322	144
1323	143
1324	142
1325	142
1326	141
1327	141
1328	140
1329	140
1330	139
1331	139
1332	139
1333	139
1334	138
1335	138
1336	139
1337	140
1338	140
1339	139
1340	140
1341	141
1342	142
1343	142
1344	143
1345	143
1346	144
1347	145
1348	146
1349	147
1350	147
1351	148
1352	148
1353	149
1354	150
1355	149
1356	150
1357	150
1358	150
1359	150
1360	150
1361	150
1362	149
1363	149
1364	149
1365	148
1366	148
1367	147
1368	146
1369	145
1370	144
1371	144
1372	143
1373	142
1374	142
1375	141
1376	141
1377	140
1378	140
1379	140
1380	139
1381	139
1382	139
1383	139
1384	139
1385	139
1386	139
1387	140
1388	140
1389	140
1390	142
1391	142
1392	143
1393	143
1394	144
1395	144
1396	146
1397	146
1398	146
1399	148
1400	148
1401	149
1402	149
1403	150
1404	150
1405	150
1406	150
1407	150
1408	150
1409	150
1410	150
1411	150
1412	150
1413	148
1414	148
1415	147
1416	147
1417	146
1418	145
1419	144
1420	144
1421	143
1422	142
1423	141
1424	141
1425	141
1426	140
1427	139
1428	139
1429	139
1430	138
1431	138
1432	139
1433	138
1434	139
1435	140
1436	140
1437	140
1438	140
1439	141
1440	141
1441	143
1442	143
1443	144
1444	145
1445	145
1446	146
1447	147
1448	148
1449	148
1450	149
1451	150
1452	150
1453	150
1454	150
1455	150
1456	150
1457	150
1458	150
1459	150
1460	149
1461	149
1462	148
1463	148
1464	147
1465	146
1466	146
1467	145
1468	144
1469	144
1470	142
1471	142
1472	141
1473	141
1474	141
1475	140
1476	140
1477	139
1478	138
1479	138
1480	139
1481	139
1482	139
1483	139
1484	140
1485	140
1486	140
1487	141
1488	141
1489	142
1490	143
1491	144
1492	144
1493	145
1494	146
1495	146
1496	147
1497	148
1498	148
1499	148
1500	149
1501	149
1502	150
1503	150
1504	150
1505	150
1506	150
1507	149
1508	149
1509	149
1510	149
1511	148
1512	148
1513	147
1514	146
1515	146
1516	145
1517	144
1518	144
1519	142
1520	142
1521	141
1522	141
1523	141
1524	140
1525	140
1526	139
1527	139
1528	138
1529	139
1530	139
1531	139
1532	140
1533	140
1534	140
1535	140
1536	140
1537	141
1538	142
1539	143
1540	144
1541	144
1542	145
1543	145
1544	146
1545	147
1546	148
1547	148
1548	149
1549	149
1550	149
1551	150
1552	150
1553	150
1554	150
1555	150
1556	150
1557	149
1558	148
1559	148
1560	148
1561	147
1562	147
1563	146
1564	145
1565	145
1566	144
1567	143
1568	142
1569	142
1570	141
1571	140
1572	140
1573	140
1574	139
1575	139
1576	139
1577	138
1578	139
1579	139
1580	139
1581	139
1582	140
1583	140
1584	141
1585	141
1586	142
1587	142
1588	143
1589	144
1590	144
1591	145
1592	146
1593	146
1594	147
1595	148
1596	148
1597	149
1598	149
1599	150
1600	150
1601	150
1602	150
1603	150
1604	150
1605	150
1606	149
1607	149
1608	148
1609	148
1610	148
1611	147
1612	146
1613	146
1614	144
1615	144
1616	143
1617	142
1618	143
1619	142
1620	141
1621	140
1622	140
1623	139
1624	139
1625	139
1626	138
1627	138
1628	139
1629	139
1630	140
1631	140
1632	140
1633	141
1634	142
1635	142
1636	143
1637	144
1638	145
1639	145
1640	146
1641	146
1642	147
1643	148
1644	148
1645	149
1646	149
1647	150
1648	150
1649	150
1650	150
1651	150
1652	151
1653	150
1654	150
1655	150
1656	149
1657	148
1658	148
1659	148
1660	147
1661	146
1662	145
1663	145
1664	144
1665	143
1666	142
1667	142
1668	141
1669	140
1670	140
1671	140
1672	139
1673	139
1674	139
1675	140
1676	139
1677	140
1678	139
1679	140
1680	141
1681	141
1682	141
1683	142
1684	143
1685	144
1686	144
1687	145
1688	145
1689	146
1690	147
1691	147
1692	148
1693	149
1694	149
1695	150
1696	150
1697	150
1698	150
1699	150
1700	150
1701	151
1702	150
1703	150
1704	150
1705	149
1706	149
1707	148
1708	147
1709	146
1710	146
1711	145
1712	144
1713	144
1714	143
1715	143
1716	142
1717	142
1718	141
1719	140
1720	140
1721	139
1722	139
1723	139
1724	139
1725	139
1726	140
1727	139
1728	140
1729	140
1730	141
1731	141
1732	141
1733	142
1734	143
1735	144
1736	144
1737	145
1738	145
1739	147
1740	147
1741	147
1742	148
1743	149
1744	149
1745	149
1746	150
1747	149
1748	150
1749	150
1750	150
1751	150
1752	149
1753	148
1754	148
1755	148
1756	148
1757	147
1758	146
1759	146
1760	145
1761	144
1762	143
1763	143
1764	142
1765	141
1766	141
1767	140
1768	139
1769	139
1770	139
1771	138
1772	139
1773	139
1774	139
1775	139
1776	139
1777	140
1778	140
1779	140
1780	141
1781	142
1782	142
1783	143
1784	144
1785	144
1786	145
1787	146
1788	146
1789	147
1790	148
1791	148
1792	148
1793	149
1794	150
1795	150
1796	150
1797	150
1798	150
1799	150
1800	149
1801	149
1802	148
1803	148
1804	148
1805	147
1806	146
1807	146
1808	145
1809	144
1810	144
1811	143
1812	142
1813	141
1814	141
1815	140
1816	140
1817	140
1818	139
1819	139
1820	139
1821	139
1822	139
1823	138
1824	138
1825	139
1826	139
1827	140
1828	140
1829	141
1830	141
1831	142
1832	143
1833	144
1834	144
1835	145
1836	146
1837	146
1838	147
1839	147
1840	148
1841	148
1842	148
1843	149
1844	149
1845	149
1846	149
1847	149
1848	149
1849	149
1850	149
1851	149
1852	148
1853	147
1854	146
1855	146
1856	145
1857	145
1858	144
1859	143
1860	142
1861	141
1862	141
1863	140
1864	140
1865	139
1866	139
1867	138
1868	138
1869	138
1870	138
1871	139
1872	139
1873	139
1874	138
1875	139
1876	139
1877	140
1878	140
1879	141
1880	142
1881	142
1882	143
1883	144
1884	145
1885	145
1886	146
1887	146
1888	147
1889	148
1890	149
1891	149
1892	149
1893	149
1894	149
1895	149
1896	149
1897	149
1898	149
1899	148
1900	148
1901	148
1902	147
1903	146
1904	146
1905	145
1906	144
1907	144
1908	143
1909	142
1910	141
1911	141
1912	140
1913	140
1914	139
1915	139
1916	138
1917	138
1918	138
1919	138
1920	139
1921	139
1922	139
1923	139
1924	139
1925	139
1926	140
1927	141
1928	141
1929	142
1930	143
1931	144
1932	144
1933	145
1934	146
1935	146
1936	147
1937	148
1938	148
1939	149
1940	149
1941	150
1942	150
1943	150
1944	149
1945	149
1946	150
1947	149
1948	148
1949	148
1950	148
1951	147
1952	146
1953	146
1954	146
1955	144
1956	144
1957	143
1958	142
1959	142
1960	142
1961	140
1962	140
1963	139
1964	139
1965	138
1966	138
1967	139
1968	138
1969	138
1970	139
1971	139
1972	140
1973	140
1974	140
1975	141
1976	141
1977	142
1978	142
1979	143
1980	144
1981	145
1982	145
1983	146
1984	147
1985	147
1986	148
1987	148
1988	149
1989	149
1990	150
1991	149
1992	150
1993	150
1994	149
1995	149
1996	149
1997	148
1998	149
1999	148
2000	147
2001	146
2002	146
2003	146
2004	144
2005	144
2006	143
2007	142
2008	141
2009	141
2010	140
2011	140
2012	140
2013	139
2014	139
2015	138
2016	138
2017	138
2018	138
2019	139
2020	139
2021	140
2022	140
2023	140
2024	141
2025	142
2026	142
2027	143
2028	143
2029	144
2030	145
2031	146
2032	146
2033	147
2034	147
2035	148
2036	148
2037	148
2038	149
2039	149
2040	150
2041	150
2042	150
2043	150
2044	149
2045	149
2046	149
2047	148
2048	148
2049	147
2050	146
2051	146
2052	145
2053	144
2054	144
2055	143
2056	142
2057	141
2058	141
2059	140
2060	140
2061	139
2062	139
2063	139
2064	139
2065	138
2066	138
2067	138
2068	139
2069	139
2070	139
2071	140
2072	140
2073	141
2074	142
2075	142
2076	143
2077	144
2078	144
2079	145
2080	146
2081	146
2082	147
2083	148
2084	148
2085	148
2086	149
2087	149
2088	150
2089	150
2090	150
2091	150
2092	150
2093	150
2094	149
2095	149
2096	148
2097	148
2098	147
2099	147
2100	147
2101	146
2102	144
2103	144
2104	143
2105	142
2106	141
2107	141
2108	140
2109	140
2110	140
2111	140
2112	139
2113	139
2114	139
2115	139
2116	139
2117	139
2118	139
2119	140
2120	140
2121	141
2122	141
2123	142
2124	142
2125	144
2126	144
2127	145
2128	145
2129	146
2130	146
2131	148
2132	148
2133	148
2134	149
2135	149
2136	149
2137	150
2138	150
2139	150
2140	150
2141	150
2142	149
2143	149
2144	149
2145	148
2146	148
2147	147
2148	146
2149	146
2150	145
2151	144
2152	143
2153	143
2154	142
2155	142
2156	141
2157	140
2158	139
2159	139
2160	139
2161	139
2162	139
2163	139
2164	139
2165	139
2166	139
2167	140
2168	140
2169	140
2170	140
2171	141
2172	142
2173	143
2174	144
2175	144
2176	145
2177	145
2178	146
2179	146
2180	147
2181	148
2182	148
2183	149
2184	149
2185	149
2186	150
2187	150
2188	150
2189	149
2190	149
2191	149
2192	149
2193	148
2194	148
2195	148
2196	146
2197	146
2198	145
2199	145
2200	144
2201	143
2202	143
2203	142
2204	141
2205	140
2206	140
2207	140
2208	139
2209	140
2210	138
2211	139
2212	138
2213	138
2214	138
2215	139
2216	140
2217	140
2218	140
2219	141
2220	142
2221	142
2222	143
2223	143
2224	144
2225	145
2226	145
2227	146
2228	147
2229	148
2230	148
2231	149
2232	149
2233	150
2234	149
2235	150
2236	149
2237	149
2238	150
2239	149
2240	149
2241	148
2242	148
2243	148
2244	147
2245	146
2246	146
2247	145
2248	144
2249	143
2250	143
2251	142
2252	141
2253	140
2254	140
2255	140
2256	139
2257	139
2258	139
2259	138
2260	138
2261	139
2262	139
2263	139
2264	139
2265	140
2266	140
2267	140
2268	141
2269	141
2270	142
2271	143
2272	144
2273	144
2274	145
2275	146
2276	146
2277	146
2278	148
2279	148
2280	149
2281	149
2282	150
2283	149
2284	150
2285	149
2286	149
2287	150
2288	149
2289	149
2290	148
2291	148
2292	147
2293	147
2294	146
2295	145
2296	145
2297	145
2298	144
2299	143
2300	143
2301	142
2302	141
2303	140
2304	140
2305	139
2306	140
2307	139
2308	139
2309	139
2310	138
2311	139
2312	139
2313	140
2314	140
2315	141
2316	141
2317	141
2318	142
2319	142
2320	143
2321	144
2322	144
2323	146
2324	146
2325	147
2326	148
2327	148
2328	149
2329	149
2330	150
2331	150
2332	150
2333	150
2334	150
2335	150
2336	150
2337	149
2338	149
2339	149
2340	148
2341	148
2342	147
2343	147
2344	146
2345	145
2346	144
2347	144
2348	143
2349	142
2350	142
2351	141
2352	140
2353	140
2354	140
2355	139
2356	139
2357	139
2358	139
2359	139
2360	139
2361	140
2362	140
2363	140
2364	140
2365	141
2366	142
2367	142
2368	143
2369	144
2370	144
2371	145
2372	146
2373	147
2374	147
2375	148
2376	149
2377	149
2378	149
2379	149
2380	150
2381	150
2382	150
2383	150
2384	150
2385	150
2386	149
2387	149
2388	149
2389	148
2390	147
2391	147
2392	147
2393	146
2394	145
2395	144
2396	143
2397	143
2398	142
2399	142
2400	141
2401	140
2402	140
2403	140
2404	139
2405	139
2406	139
2407	139
2408	139
2409	139
2410	139
2411	140
2412	140
2413	140
2414	141
2415	141
2416	142
2417	143
2418	144
2419	144
2420	145
2421	146
2422	146
2423	147
2424	148
2425	148
2426	149
2427	149
2428	149
2429	149
2430	150
2431	150
2432	150
2433	150
2434	150
2435	149
2436	149
2437	149
2438	148
2439	148
2440	146
2441	147
2442	146
2443	145
2444	144
2445	144
2446	143
2447	142
2448	141
2449	140
2450	140
2451	139
2452	139
2453	140
2454	139
2455	139
2456	139
2457	139
2458	139
2459	139
2460	140
2461	140
2462	140
2463	141
2464	142
2465	142
2466	143
2467	144
2468	144
2469	145
2470	145
2471	146
2472	147
2473	148
2474	148
2475	149
2476	149
2477	150
2478	149
2479	150
2480	150
2481	149
2482	149
2483	149
2484	149
2485	149
2486	148
2487	148
2488	147
2489	147
2490	146
2491	145
2492	144
2493	143
2494	143
2495	142
2496	142
2497	141
2498	140
2499	140
2500	140
2501	139
2502	139
2503	139
2504	138
2505	138
2506	138
2507	139
2508	139
2509	140
2510	140
2511	140
2512	141
2513	141
2514	142
2515	143
2516	143
2517	144
2518	144
2519	146
2520	146
2521	147
2522	148
2523	148
2524	149
2525	149
2526	149
2527	149
2528	149
2529	149
2530	149
2531	149
2532	149
2533	149
2534	148
2535	148
2536	147
2537	146
2538	146
2539	145
2540	145
2541	144
2542	143
2543	142
2544	141
2545	141
2546	141
2547	140
2548	140
2549	140
2550	139
2551	139
2552	138
2553	138
2554	138
2555	139
2556	139
2557	139
2558	140
2559	140
2560	140
2561	141
2562	142
2563	143
2564	143
2565	144
2566	144
2567	145
2568	146
2569	147
2570	147
2571	148
2572	148
2573	149
2574	149
2575	149
2576	150
2577	149
2578	150
2579	149
2580	150
2581	149
2582	148
2583	148
2584	148
2585	148
2586	147
2587	146
2588	146
2589	145
2590	144
2591	143
2592	143
2593	142
2594	141
2595	141
2596	140
2597	140
2598	140
2599	139
2600	139
2601	139
2602	139
2603	138
2604	139
2605	139
2606	139
2607	140
2608	140
2609	141
2610	141
2611	141
2612	142
2613	143
2614	144
2615	145
2616	146
2617	146
2618	147
2619	147
2620	148
2621	148
2622	149
2623	149
2624	149
2625	150
2626	150
2627	150
2628	150
2629	150
2630	149
2631	148
2632	148
2633	148
2634	148
2635	147
2636	146
2637	145
2638	145
2639	144
2640	144
2641	143
2642	142
2643	141
2644	141
2645	140
2646	139
2647	139
2648	138
2649	138
2650	138
2651	139
2652	139
2653	139
2654	139
2655	140
2656	140
2657	140
2658	141
2659	142
2660	142
2661	142
2662	143
2663	144
2664	145
2665	146
2666	146
2667	147
2668	148
2669	148
2670	149
2671	149
2672	149
2673	150
2674	149
2675	149
2676	149
2677	150
2678	149
2679	149
2680	149
2681	148
2682	148
2683	147
2684	147
2685	146
2686	145
2687	145
2688	144
2689	144
2690	142
2691	141
2692	141
2693	140
2694	140
2695	140
2696	139
2697	139
2698	139
2699	139
2700	138
2701	139
2702	139
2703	140
2704	139
2705	140
2706	140
2707	141
2708	142
2709	142
2710	143
2711	144
2712	144
2713	145
2714	146
2715	146
2716	147
2717	148
2718	149
2719	149
2720	149
2721	150
2722	150
2723	150
2724	150
2725	150
2726	150
2727	150
2728	149
2729	149
2730	148
2731	148
2732	147
2733	146
2734	146
2735	145
2736	144
2737	144
2738	143
2739	142
2740	141
2741	142
2742	141
2743	140
2744	140
2745	140
2746	139
2747	139
2748	140
2749	140
2750	139
2751	139
2752	140
2753	140
2754	140
2755	141
2756	141
2757	142
2758	143
2759	144
2760	144
2761	145
2762	146
2763	146
2764	147
2765	147
2766	148
2767	149
2768	149
2769	150
2770	150
2771	150
2772	150
2773	151
2774	150
2775	150
2776	150
2777	150
2778	149
2779	148
2780	148
2781	148
2782	146
2783	146
2784	146
2785	144
2786	144
2787	144
2788	143
2789	142
2790	141
2791	141
2792	141
2793	140
2794	140
2795	140
2796	140
2797	140
2798	140
2799	140
2800	139
2801	140
2802	140
2803	140
2804	141
2805	141
2806	142
2807	143
2808	144
2809	144
2810	146
2811	146
2812	147
2813	147
2814	148
2815	148
2816	149
2817	149
2818	149
2819	150
2820	150
2821	150
2822	149
2823	150
2824	150
2825	149
2826	149
2827	148
2828	148
2829	148
2830	147
2831	146
2832	146
2833	145
2834	144
2835	144
2836	143
2837	142
2838	142
2839	141
2840	140
2841	140
2842	140
2843	140
2844	139
2845	139
2846	139
2847	139
2848	139
2849	139
2850	139
2851	140
2852	141
2853	141
2854	142
2855	143
2856	144
2857	144
2858	145
2859	145
2860	145
2861	146
2862	147
2863	148
2864	148
2865	149
2866	149
2867	150
2868	150
2869	150
2870	150
2871	149
2872	150
2873	149
2874	150
2875	149
2876	148
2877	148
2878	147
2879	147
2880	146
2881	145
2882	145
2883	144
2884	143
2885	143
2886	142
2887	142
2888	141
2889	140
2890	140
2891	139
2892	140
2893	139
2894	139
2895	139
2896	139
2897	140
2898	140
2899	140
2900	140
2901	141
2902	142
2903	142
2904	143
2905	143
2906	144
2907	145
2908	145
2909	146
2910	146
2911	147
2912	148
2913	148
2914	149
2915	149
2916	149
2917	149
2918	150
2919	150
2920	150
2921	149
2922	149
2923	148
2924	148
2925	148
2926	148
2927	147
2928	147
2929	146
2930	145
2931	144
2932	144
2933	144
2934	142
2935	142
2936	141
2937	141
2938	140
2939	140
2940	140
2941	140
2942	139
2943	139
2944	139
2945	140
2946	140
2947	140
2948	140
2949	141
2950	141
2951	141
2952	142
2953	142
2954	143
2955	144
2956	144
2957	145
2958	146
2959	146
2960	147
2961	148
2962	149
2963	149
2964	150
2965	149
2966	150
2967	150
2968	150
2969	150
2970	149
2971	149
2972	148
2973	149
2974	148
2975	148
2976	147
2977	147
2978	146
2979	145
2980	144
2981	144
2982	143
2983	142
2984	141
2985	141
2986	141
2987	140
2988	140
2989	139
2990	139
2991	139
2992	140
2993	139
2994	139
2995	140
2996	140
2997	140
2998	141
2999	141
3000	142
3001	142
3002	143
3003	143
3004	144
3005	145
3006	145
3007	146
3008	147
3009	148
3010	148
3011	148
3012	148
3013	149
3014	150
3015	150
3016	151
3017	150
3018	150
3019	150
3020	150
3021	149
3022	148
3023	148
3024	147
3025	147
3026	146
3027	146
3028	145
3029	144
3030	144
3031	142
3032	142
3033	142
3034	141
3035	140
3036	140
3037	140
3038	140
3039	140
3040	139
3041	139
3042	139
3043	139
3044	140
3045	140
3046	140
3047	140
3048	141
3049	141
3050	142
3051	143
3052	144
3053	144
3054	145
3055	146
3056	146
3057	147
3058	148
3059	148
3060	148
3061	150
3062	150
3063	150
3064	150
3065	150
3066	150
3067	150
3068	150
3069	149
3070	150
3071	148
3072	148
3073	147
3074	147
3075	146
3076	145
3077	145
3078	144
3079	143
3080	144
3081	142
3082	141
3083	141
3084	141
3085	140
3086	139
3087	140
3088	139
3089	139
3090	139
3091	139
3092	139
3093	139
3094	139
3095	140
3096	141
3097	142
3098	142
3099	142
3100	143
3101	143
3102	144
3103	144
3104	145
3105	146
3106	147
3107	148
3108	148
3109	149
3110	149
3111	149
3112	149
3113	150
3114	150
3115	149
3116	149
3117	149
3118	149
3119	148
3120	148
3121	147
3122	147
3123	146
3124	146
3125	145
3126	144
3127	144
3128	143
3129	143
3130	142
3131	141
3132	140
3133	140
3134	139
3135	139
3136	139
3137	138
3138	139
3139	139
3140	139
3141	140
3142	139
3143	140
3144	140
3145	140
3146	141
3147	142
3148	142
3149	143
3150	144
3151	145
3152	145
3153	146
3154	147
3155	147
3156	147
3157	148
3158	148
3159	149
3160	149
3161	150
3162	149
3163	150
3164	150
3165	150
3166	150
3167	149
3168	149
3169	148
3170	148
3171	147
3172	146
3173	145
3174	145
3175	144
3176	143
3177	143
3178	142
3179	142
3180	141
3181	141
3182	140
3183	140
3184	140
3185	140
3186	139
3187	139
3188	139
3189	139
3190	140
3191	140
3192	140
3193	140
3194	141
3195	141
3196	141
3197	142
3198	143
3199	143
3200	145
3201	145
3202	146
3203	146
3204	147
3205	148
3206	148
3207	148
3208	149
3209	149
3210	149
3211	150
3212	150
3213	149
3214	149
3215	149
3216	148
3217	148
3218	148
3219	147
3220	146
3221	146
3222	146
3223	145
3224	144
3225	144
3226	142
3227	142
3228	141
3229	140
3230	140
3231	140
3232	139
3233	139
3234	139
3235	138
3236	138
3237	138
3238	138
3239	139
3240	139
3241	139
3242	140
3243	141
3244	141
3245	142
3246	142
3247	143
3248	144
3249	144
3250	145
3251	146
3252	147
3253	147
3254	148
3255	148
3256	149
3257	149
3258	149
3259	149
3260	149
3261	149
3262	149
3263	149
3264	148
3265	148
3266	148
3267	147
3268	147
3269	146
3270	146
3271	145
3272	144
3273	144
3274	143
3275	142
3276	141
3277	141
3278	140
3279	140
3280	140
3281	140
3282	139
3283	139
3284	138
3285	139
3286	139
3287	139
3288	139
3289	138
3290	139
3291	140
3292	140
3293	141
3294	142
3295	143
3296	144
3297	144
3298	145
3299	146
3300	146
3301	147
3302	147
3303	148
3304	147
3305	148
3306	149
3307	149
3308	149
3309	149
3310	150
3311	149
3312	149
3313	148
3314	149
3315	148
3316	148
3317	147
3318	146
3319	146
3320	145
3321	144
3322	143
3323	143
3324	142
3325	142
3326	141
3327	140
3328	140
3329	140
3330	139
3331	138
3332	138
3333	138
3334	139
3335	139
3336	139
3337	139
3338	140
3339	140
3340	140
3341	140
3342	141
3343	142
3344	142
3345	143
3346	144
3347	144
3348	145
3349	145
3350	146
3351	147
3352	148
3353	148
3354	149
3355	149
3356	149
3357	149
3358	149
3359	149
3360	149
3361	149
3362	148
3363	148
3364	148
3365	147
3366	146
3367	146
3368	145
3369	145
3370	144
3371	143
3372	143
3373	142
3374	142
3375	141
3376	140
3377	140
3378	139
3379	139
3380	139
3381	138
3382	139
3383	139
3384	139
3385	139
3386	139
3387	139
3388	140
3389	140
3390	141
3391	141
3392	142
3393	143
3394	143
3395	144
3396	144
3397	145
3398	146
3399	146
3400	147
3401	148
3402	148
3403	148
3404	150
3405	149
3406	149
3407	149
3408	149
3409	149
3410	148
3411	148
3412	148
3413	147
3414	147
3415	147
3416	146
3417	145
3418	145
3419	144
3420	144
3421	143
3422	142
3423	141
3424	141
3425	140
3426	140
3427	139
3428	139
3429	139
3430	139
3431	139
3432	139
3433	139
3434	139
3435	140
3436	140
3437	140
3438	141
3439	141
3440	142
3441	142
3442	143
3443	144
3444	144
3445	145
3446	146
3447	147
3448	148
3449	148
3450	148
3451	149
3452	149
3453	149
3454	150
3455	149
3456	149
3457	149
3458	149
3459	149
3460	148
3461	148
3462	148
3463	147
3464	146
3465	146
3466	146
3467	144
3468	144
3469	144
3470	142
3471	142
3472	142
3473	141
3474	140
3475	140
3476	140
3477	139
3478	139
3479	139
3480	138
3481	138
3482	138
3483	139
3484	140
3485	140
3486	140
3487	140
3488	141
3489	142
3490	142
3491	143
3492	144
3493	144
3494	145
3495	146
3496	146
3497	147
3498	148
3499	148
3500	149
3501	149
3502	149
3503	149
3504	150
3505	150
3506	149
3507	149
3508	149
3509	149
3510	148
3511	148
3512	147
3513	146
3514	146
3515	145
3516	144
3517	144
3518	144
3519	142
3520	142
3521	141
3522	140
3523	140
3524	140
3525	139
3526	139
3527	139
3528	139
3529	139
3530	138
3531	139
3532	140
3533	140
3534	140
3535	140
3536	141
3537	142
3538	142
3539	142
3540	143
3541	144
3542	144
3543	145
3544	146
3545	146
3546	148
3547	148
3548	148
3549	149
3550	149
3551	149
3552	149
3553	149
3554	149
3555	149
3556	149
3557	149
3558	149
3559	148
3560	148
3561	147
3562	147
3563	146
3564	145
3565	145
3566	144
3567	143
3568	142
3569	142
3570	142
3571	141
3572	140
3573	140
3574	140
3575	139
3576	139
3577	139
3578	139
3579	139
3580	139
3581	140
3582	140
3583	140
3584	140
3585	141
3586	142
3587	142
3588	143
3589	143
3590	145
3591	145
3592	145
3593	146
3594	147
3595	147
3596	148
3597	148
3598	148
3599	149
3600	149
3601	149
3602	149
3603	149
3604	149
3605	149
3606	148
3607	148
3608	147
3609	147
3610	146
3611	146
3612	145
3613	144
3614	144
3615	143
3616	143
3617	142
3618	141
3619	140
3620	140
3621	140
3622	139
3623	139
3624	139
3625	138
3626	138
3627	138
3628	138
3629	139
3630	139
3631	139
3632	140
3633	140
3634	140
3635	141
3636	142
3637	142
3638	143
3639	144
3640	144
3641	145
3642	146
3643	146
3644	147
3645	148
3646	148
3647	148
3648	149
3649	149
3650	148
3651	149
3652	149
3653	148
3654	148
3655	148
3656	147
3657	147
3658	147
3659	146
3660	145
3661	145
3662	145
3663	144
3664	143
3665	142
3666	142
3667	141
3668	140
3669	140
3670	139
3671	138
3672	139
3673	138
3674	138
3675	138
3676	138
3677	138
3678	139
3679	139
3680	140
3681	140
3682	141
3683	142
3684	142
3685	142
3686	143
3687	144
3688	145
3689	145
3690	146
3691	146
3692	147
3693	148
3694	148
3695	148
3696	148
3697	149
3698	149
3699	149
3700	149
3701	149
3702	149
3703	148
3704	148
3705	148
3706	147
3707	147
3708	146
3709	146
3710	145
3711	144
3712	144
3713	143
3714	142
3715	142
3716	141
3717	140
3718	140
3719	139
3720	140
3721	139
3722	139
3723	139
3724	138
3725	138
3726	139
3727	139
3728	140
3729	140
3730	140
3731	141
3732	142
3733	142
3734	143
3735	143
3736	144
3737	144
3738	145
3739	145
3740	146
3741	147
3742	147
3743	148
3744	148
3745	149
3746	149
3747	149
3748	149
3749	149
3750	149
3751	149
3752	148
3753	148
3754	148
3755	147
3756	146
3757	146
3758	146
3759	145
3760	144
3761	144
3762	143
3763	142
3764	141
3765	140
3766	141
3767	140
3768	140
3769	140
3770	139
3771	139
3772	138
3773	139
3774	139
3775	139
3776	138
3777	139
3778	140
3779	140
3780	141
3781	141
3782	141
3783	142
3784	143
3785	143
3786	144
3787	145
3788	146
3789	146
3790	147
3791	148
3792	148
3793	148
3794	148
3795	148
3796	148
3797	149
3798	149
3799	148
3800	148
3801	148
3802	148
3803	147
3804	147
3805	147
3806	146
3807	145
3808	145
3809	144
3810	143
3811	144
3812	142
3813	142
3814	141
3815	140
3816	140
3817	139
3818	139
3819	139
3820	139
3821	139
3822	139
3823	139
3824	139
3825	139
3826	140
3827	140
3828	141
3829	141
3830	141
3831	142
3832	142
3833	143
3834	144
3835	145
3836	146
3837	146
3838	146
3839	147
3840	148
3841	148
3842	148
3843	149
3844	149
3845	148
3846	149
3847	149
3848	149
3849	149
3850	148
3851	148
3852	148
3853	147
3854	147
3855	146
3856	145
3857	145
3858	144
3859	144
3860	142
3861	142
3862	142
3863	141
3864	140
3865	140
3866	140
3867	140
3868	139
3869	139
3870	139
3871	139
3872	140
3873	139
3874	139
3875	140
3876	140
3877	140
3878	140
3879	142
3880	142
3881	143
3882	143
3883	144
3884	145
3885	146
3886	146
3887	146
3888	148
3889	148
3890	148
3891	149
3892	149
3893	149
3894	149
3895	149
3896	149
3897	149
3898	149
3899	148
3900	148
3901	147
3902	147
3903	146
3904	146
3905	145
3906	144
3907	144
3908	143
3909	142
3910	141
3911	141
3912	140
3913	140
3914	140
3915	139
3916	139
3917	139
3918	139
3919	139
3920	138
3921	139
3922	139
3923	139
3924	140
3925	140
3926	141
3927	142
3928	142
3929	142
3930	143
3931	144
3932	144
3933	145
3934	146
3935	146
3936	147
3937	148
3938	148
3939	148
3940	149
3941	149
3942	149
3943	148
3944	149
3945	149
3946	149
3947	149
3948	149
3949	149
3950	148
3951	147
3952	146
3953	146
3954	145
3955	145
3956	144
3957	143
3958	142
3959	142
3960	141
3961	141
3962	140
3963	140
3964	139
3965	139
3966	138
3967	139
3968	139
3969	138
3970	139
3971	139
3972	140
3973	139
3974	140
3975	140
3976	141
3977	142
3978	142
3979	143
3980	144
3981	145
3982	145
3983	146
3984	147
3985	147
3986	148
3987	148
3988	149
3989	149
3990	149
3991	149
3992	149
3993	149
3994	149
3995	149
3996	148
3997	148
3998	148
3999	147
4000	147
4001	146
4002	145
4003	145
4004	144
4005	143
4006	143
4007	142
4008	141
4009	141
4010	140
4011	140
4012	140
4013	139
4014	139
4015	139
4016	138
4017	138
4018	139
4019	139
4020	139
4021	139
4022	139
4023	140
4024	141
4025	142
4026	142
4027	143
4028	143
4029	144
4030	145
4031	145
4032	146
4033	146
4034	147
4035	147
4036	148
4037	148
4038	149
4039	149
4040	149
4041	149
4042	149
4043	149
4044	149
4045	148
4046	147
4047	147
4048	147
4049	147
4050	146
4051	145
4052	145
4053	144
4054	144
4055	143
4056	142
4057	142
4058	141
4059	141
4060	140
4061	139
4062	140
4063	139
4064	139
4065	138
4066	139
4067	138
4068	139
4069	140
4070	139
4071	140
4072	141
4073	142
4074	142
4075	143
4076	143
4077	143
4078	144
4079	144
