
TIME STEP:
80 = 1ms

VOLTAGE STEP:
32 = 30mV

N	CH1

1	255
2	255
3	255
4	62
5	59
6	59
7	59
8	59
9	58
10	58
11	58
12	58
13	58
14	58
15	58
16	58
17	58
18	58
19	58
20	59
21	58
22	58
23	58
24	58
25	58
26	58
27	59
28	59
29	59
30	59
31	59
32	59
33	58
34	58
35	58
36	59
37	59
38	58
39	59
40	58
41	59
42	58
43	59
44	58
45	59
46	59
47	58
48	59
49	58
50	59
51	59
52	59
53	59
54	59
55	59
56	59
57	59
58	59
59	59
60	58
61	59
62	58
63	59
64	58
65	58
66	59
67	59
68	59
69	59
70	59
71	59
72	59
73	59
74	59
75	59
76	59
77	59
78	59
79	59
80	59
81	58
82	59
83	59
84	59
85	59
86	59
87	59
88	59
89	59
90	59
91	59
92	60
93	60
94	59
95	59
96	60
97	59
98	59
99	59
100	59
101	59
102	59
103	60
104	60
105	60
106	59
107	59
108	60
109	60
110	59
111	60
112	59
113	59
114	59
115	59
116	60
117	59
118	60
119	60
120	59
121	59
122	59
123	59
124	60
125	60
126	59
127	60
128	59
129	60
130	59
131	60
132	59
133	60
134	60
135	60
136	59
137	60
138	60
139	60
140	59
141	60
142	60
143	60
144	60
145	59
146	60
147	59
148	60
149	59
150	59
151	60
152	60
153	60
154	60
155	59
156	60
157	60
158	59
159	60
160	59
161	60
162	59
163	60
164	59
165	60
166	60
167	60
168	60
169	60
170	60
171	60
172	60
173	60
174	60
175	60
176	60
177	60
178	60
179	60
180	60
181	60
182	60
183	60
184	60
185	60
186	60
187	60
188	60
189	60
190	60
191	60
192	59
193	60
194	60
195	60
196	60
197	59
198	60
199	59
200	60
201	60
202	59
203	60
204	60
205	60
206	60
207	60
208	60
209	60
210	59
211	60
212	60
213	60
214	60
215	60
216	60
217	60
218	60
219	60
220	59
221	60
222	60
223	60
224	60
225	59
226	59
227	59
228	60
229	59
230	59
231	59
232	58
233	59
234	59
235	60
236	60
237	59
238	60
239	60
240	60
241	60
242	61
243	61
244	61
245	61
246	61
247	62
248	62
249	62
250	62
251	62
252	61
253	60
254	60
255	61
256	60
257	60
258	59
259	58
260	58
261	57
262	57
263	56
264	56
265	56
266	56
267	55
268	55
269	55
270	55
271	56
272	56
273	58
274	58
275	59
276	59
277	60
278	61
279	61
280	62
281	62
282	62
283	62
284	61
285	61
286	61
287	62
288	61
289	61
290	61
291	61
292	60
293	60
294	58
295	58
296	58
297	58
298	58
299	57
300	56
301	55
302	54
303	52
304	52
305	50
306	49
307	47
308	44
309	40
310	35
311	29
312	23
313	13
314	0
315	0
316	0
317	0
318	0
319	0
320	0
321	0
322	0
323	0
324	0
325	0
326	62
327	202
328	255
329	255
330	255
331	255
332	255
333	230
334	109
335	7
336	0
337	0
338	0
339	0
340	0
341	211
342	255
343	255
344	255
345	255
346	255
347	255
348	134
349	0
350	0
351	0
352	0
353	0
354	0
355	0
356	142
357	255
358	255
359	255
360	255
361	255
362	156
363	0
364	0
365	0
366	0
367	0
368	0
369	0
370	0
371	0
372	26
373	96
374	182
375	219
376	187
377	130
378	82
379	38
380	0
381	0
382	0
383	0
384	0
385	0
386	0
387	0
388	0
389	24
390	142
391	210
392	240
393	255
394	255
395	202
396	106
397	8
398	0
399	0
400	0
401	0
402	0
403	0
404	0
405	0
406	0
407	137
408	233
409	255
410	255
411	255
412	255
413	250
414	228
415	218
416	188
417	131
418	62
419	2
420	0
421	0
422	0
423	32
424	107
425	131
426	112
427	90
428	88
429	95
430	94
431	82
432	71
433	58
434	13
435	0
436	0
437	0
438	0
439	0
440	0
441	46
442	50
443	45
444	64
445	102
446	129
447	132
448	124
449	110
450	79
451	34
452	0
453	0
454	0
455	0
456	0
457	1
458	9
459	0
460	0
461	0
462	37
463	101
464	136
465	142
466	134
467	124
468	115
469	100
470	79
471	62
472	68
473	105
474	142
475	149
476	134
477	123
478	116
479	101
480	86
481	79
482	69
483	51
484	31
485	18
486	18
487	24
488	26
489	27
490	37
491	58
492	78
493	90
494	91
495	75
496	50
497	37
498	35
499	36
500	30
501	16
502	0
503	0
504	0
505	0
506	0
507	0
508	0
509	0
510	0
511	0
512	0
513	26
514	73
515	95
516	94
517	80
518	61
519	41
520	26
521	20
522	26
523	50
524	90
525	133
526	169
527	194
528	209
529	212
530	199
531	169
532	126
533	76
534	24
535	0
536	0
537	0
538	0
539	0
540	11
541	20
542	29
543	40
544	51
545	64
546	74
547	76
548	68
549	53
550	40
551	39
552	51
553	59
554	56
555	45
556	30
557	13
558	0
559	0
560	4
561	32
562	62
563	85
564	102
565	111
566	109
567	97
568	73
569	45
570	27
571	22
572	21
573	21
574	27
575	46
576	71
577	100
578	125
579	142
580	150
581	149
582	134
583	107
584	72
585	36
586	6
587	0
588	0
589	0
590	5
591	14
592	25
593	46
594	80
595	119
596	151
597	159
598	141
599	111
600	78
601	42
602	6
603	0
604	0
605	0
606	0
607	0
608	0
609	4
610	23
611	44
612	61
613	77
614	92
615	104
616	110
617	105
618	89
619	61
620	32
621	14
622	8
623	7
624	5
625	0
626	0
627	0
628	0
629	18
630	41
631	52
632	48
633	37
634	24
635	18
636	17
637	18
638	14
639	10
640	16
641	25
642	26
643	24
644	30
645	44
646	52
647	52
648	50
649	52
650	58
651	62
652	60
653	56
654	53
655	53
656	54
657	56
658	57
659	61
660	71
661	81
662	92
663	103
664	112
665	120
666	125
667	125
668	114
669	97
670	82
671	72
672	62
673	52
674	45
675	38
676	30
677	24
678	22
679	30
680	42
681	51
682	56
683	61
684	68
685	75
686	74
687	70
688	64
689	63
690	62
691	59
692	50
693	34
694	16
695	7
696	7
697	11
698	14
699	17
700	16
701	13
702	7
703	0
704	0
705	5
706	20
707	30
708	37
709	42
710	49
711	56
712	60
713	64
714	65
715	67
716	71
717	71
718	63
719	51
720	40
721	37
722	39
723	44
724	48
725	50
726	48
727	46
728	48
729	56
730	66
731	76
732	82
733	84
734	81
735	75
736	64
737	52
738	44
739	44
740	43
741	34
742	22
743	16
744	17
745	24
746	34
747	44
748	53
749	63
750	71
751	71
752	66
753	61
754	61
755	62
756	62
757	61
758	60
759	61
760	67
761	75
762	80
763	82
764	83
765	86
766	85
767	80
768	75
769	75
770	77
771	76
772	72
773	68
774	68
775	71
776	77
777	78
778	72
779	65
780	67
781	74
782	80
783	85
784	91
785	94
786	86
787	66
788	39
789	15
790	0
791	0
792	0
793	0
794	0
795	0
796	0
797	15
798	48
799	74
800	87
801	88
802	84
803	76
804	66
805	51
806	34
807	16
808	2
809	0
810	0
811	0
812	13
813	38
814	60
815	76
816	80
817	77
818	67
819	56
820	49
821	46
822	44
823	40
824	35
825	27
826	22
827	23
828	31
829	47
830	64
831	77
832	84
833	81
834	72
835	63
836	56
837	49
838	39
839	27
840	19
841	15
842	13
843	13
844	17
845	28
846	42
847	55
848	67
849	74
850	75
851	72
852	67
853	62
854	60
855	60
856	59
857	55
858	51
859	49
860	50
861	57
862	64
863	70
864	72
865	71
866	66
867	58
868	50
869	43
870	38
871	34
872	28
873	22
874	17
875	16
876	22
877	30
878	40
879	48
880	55
881	60
882	59
883	57
884	56
885	57
886	58
887	53
888	45
889	38
890	37
891	38
892	41
893	46
894	53
895	62
896	74
897	84
898	90
899	93
900	94
901	91
902	85
903	75
904	67
905	65
906	67
907	68
908	67
909	66
910	65
911	67
912	69
913	72
914	77
915	80
916	76
917	64
918	54
919	50
920	49
921	48
922	46
923	46
924	47
925	49
926	48
927	43
928	37
929	36
930	38
931	40
932	39
933	39
934	43
935	48
936	50
937	48
938	45
939	47
940	52
941	54
942	49
943	42
944	41
945	48
946	57
947	65
948	71
949	73
950	71
951	66
952	61
953	58
954	56
955	54
956	49
957	44
958	39
959	31
960	27
961	30
962	41
963	56
964	66
965	68
966	65
967	62
968	56
969	48
970	38
971	33
972	34
973	41
974	48
975	54
976	54
977	50
978	46
979	43
980	41
981	39
982	37
983	34
984	31
985	30
986	31
987	37
988	48
989	60
990	67
991	65
992	58
993	50
994	44
995	40
996	39
997	39
998	40
999	42
1000	46
1001	51
1002	56
1003	59
1004	58
1005	56
1006	54
1007	54
1008	55
1009	56
1010	56
1011	53
1012	50
1013	46
1014	42
1015	40
1016	43
1017	46
1018	46
1019	42
1020	39
1021	42
1022	50
1023	56
1024	56
1025	52
1026	50
1027	48
1028	47
1029	43
1030	39
1031	37
1032	35
1033	33
1034	34
1035	37
1036	43
1037	46
1038	51
1039	61
1040	71
1041	76
1042	76
1043	76
1044	79
1045	84
1046	88
1047	85
1048	79
1049	77
1050	77
1051	75
1052	70
1053	61
1054	53
1055	52
1056	57
1057	64
1058	68
1059	73
1060	82
1061	91
1062	100
1063	103
1064	100
1065	92
1066	80
1067	68
1068	58
1069	52
1070	47
1071	45
1072	44
1073	43
1074	44
1075	49
1076	53
1077	57
1078	63
1079	68
1080	69
1081	69
1082	68
1083	65
1084	61
1085	56
1086	51
1087	41
1088	31
1089	24
1090	21
1091	22
1092	25
1093	34
1094	47
1095	58
1096	63
1097	62
1098	58
1099	54
1100	47
1101	40
1102	32
1103	25
1104	21
1105	22
1106	28
1107	36
1108	45
1109	57
1110	68
1111	77
1112	81
1113	79
1114	74
1115	66
1116	57
1117	48
1118	39
1119	34
1120	30
1121	28
1122	28
1123	29
1124	32
1125	37
1126	41
1127	47
1128	50
1129	49
1130	44
1131	37
1132	26
1133	16
1134	9
1135	8
1136	10
1137	14
1138	22
1139	34
1140	51
1141	68
1142	83
1143	93
1144	98
1145	101
1146	100
1147	97
1148	96
1149	98
1150	99
1151	97
1152	92
1153	89
1154	83
1155	74
1156	64
1157	55
1158	48
1159	43
1160	39
1161	35
1162	33
1163	34
1164	36
1165	38
1166	35
1167	32
1168	34
1169	40
1170	48
1171	56
1172	64
1173	73
1174	83
1175	93
1176	100
1177	100
1178	94
1179	84
1180	73
1181	59
1182	45
1183	35
1184	32
1185	35
1186	41
1187	45
1188	46
1189	47
1190	47
1191	46
1192	46
1193	50
1194	56
1195	58
1196	56
1197	53
1198	54
1199	57
1200	59
1201	58
1202	51
1203	44
1204	42
1205	45
1206	50
1207	53
1208	56
1209	62
1210	67
1211	69
1212	70
1213	70
1214	69
1215	66
1216	60
1217	55
1218	49
1219	44
1220	40
1221	38
1222	39
1223	42
1224	46
1225	47
1226	44
1227	41
1228	42
1229	48
1230	54
1231	55
1232	52
1233	52
1234	55
1235	57
1236	60
1237	64
1238	68
1239	71
1240	70
1241	65
1242	57
1243	52
1244	52
1245	57
1246	65
1247	71
1248	72
1249	70
1250	66
1251	60
1252	54
1253	48
1254	43
1255	39
1256	35
1257	30
1258	25
1259	25
1260	30
1261	35
1262	39
1263	42
1264	45
1265	44
1266	44
1267	49
1268	57
1269	64
1270	64
1271	59
1272	54
1273	49
1274	48
1275	49
1276	52
1277	57
1278	62
1279	66
1280	66
1281	64
1282	64
1283	66
1284	67
1285	65
1286	64
1287	66
1288	69
1289	70
1290	69
1291	65
1292	59
1293	54
1294	54
1295	60
1296	68
1297	72
1298	70
1299	62
1300	51
1301	41
1302	35
1303	37
1304	42
1305	43
1306	39
1307	36
1308	35
1309	33
1310	32
1311	33
1312	37
1313	40
1314	43
1315	45
1316	48
1317	48
1318	42
1319	32
1320	28
1321	30
1322	32
1323	34
1324	35
1325	39
1326	44
1327	51
1328	57
1329	60
1330	63
1331	66
1332	69
1333	72
1334	75
1335	78
1336	83
1337	91
1338	96
1339	97
1340	91
1341	81
1342	73
1343	68
1344	63
1345	56
1346	48
1347	43
1348	42
1349	43
1350	44
1351	44
1352	46
1353	52
1354	57
1355	60
1356	57
1357	52
1358	48
1359	40
1360	32
1361	27
1362	28
1363	35
1364	45
1365	53
1366	56
1367	59
1368	62
1369	65
1370	68
1371	74
1372	79
1373	80
1374	79
1375	74
1376	68
1377	59
1378	54
1379	51
1380	47
1381	42
1382	36
1383	32
1384	30
1385	32
1386	36
1387	42
1388	47
1389	52
1390	56
1391	59
1392	58
1393	54
1394	49
1395	44
1396	41
1397	42
1398	46
1399	52
1400	57
1401	62
1402	65
1403	66
1404	66
1405	68
1406	69
1407	71
1408	71
1409	68
1410	63
1411	57
1412	53
1413	51
1414	51
1415	53
1416	57
1417	61
1418	65
1419	70
1420	74
1421	76
1422	75
1423	74
1424	68
1425	61
1426	54
1427	50
1428	48
1429	46
1430	45
1431	43
1432	40
1433	35
1434	28
1435	20
1436	16
1437	16
1438	18
1439	22
1440	28
1441	37
1442	44
1443	49
1444	50
1445	49
1446	47
1447	44
1448	41
1449	38
1450	36
1451	39
1452	47
1453	55
1454	61
1455	67
1456	74
1457	80
1458	82
1459	80
1460	77
1461	76
1462	74
1463	68
1464	60
1465	50
1466	41
1467	34
1468	31
1469	32
1470	39
1471	46
1472	52
1473	56
1474	61
1475	66
1476	68
1477	67
1478	61
1479	52
1480	44
1481	38
1482	36
1483	37
1484	40
1485	46
1486	52
1487	59
1488	65
1489	71
1490	77
1491	82
1492	85
1493	85
1494	82
1495	78
1496	70
1497	60
1498	47
1499	37
1500	33
1501	35
1502	39
1503	40
1504	41
1505	42
1506	43
1507	44
1508	40
1509	36
1510	37
1511	45
1512	56
1513	67
1514	76
1515	85
1516	94
1517	100
1518	103
1519	104
1520	104
1521	101
1522	92
1523	73
1524	50
1525	32
1526	21
1527	16
1528	14
1529	15
1530	20
1531	27
1532	35
1533	46
1534	59
1535	68
1536	75
1537	85
1538	99
1539	113
1540	121
1541	121
1542	115
1543	106
1544	92
1545	74
1546	56
1547	39
1548	24
1549	12
1550	2
1551	0
1552	0
1553	0
1554	0
1555	0
1556	23
1557	49
1558	72
1559	92
1560	112
1561	125
1562	128
1563	121
1564	107
1565	92
1566	80
1567	67
1568	53
1569	41
1570	34
1571	34
1572	31
1573	29
1574	31
1575	39
1576	51
1577	63
1578	73
1579	82
1580	87
1581	85
1582	79
1583	72
1584	63
1585	55
1586	47
1587	41
1588	39
1589	41
1590	41
1591	37
1592	34
1593	34
1594	39
1595	42
1596	43
1597	45
1598	48
1599	51
1600	53
1601	53
1602	51
1603	46
1604	46
1605	48
1606	49
1607	50
1608	53
1609	57
1610	62
1611	64
1612	65
1613	67
1614	69
1615	73
1616	75
1617	74
1618	71
1619	66
1620	60
1621	53
1622	46
1623	39
1624	36
1625	38
1626	42
1627	46
1628	50
1629	54
1630	57
1631	57
1632	57
1633	59
1634	60
1635	57
1636	52
1637	49
1638	48
1639	47
1640	41
1641	34
1642	28
1643	25
1644	26
1645	27
1646	29
1647	33
1648	40
1649	48
1650	52
1651	53
1652	53
1653	54
1654	57
1655	62
1656	66
1657	68
1658	68
1659	65
1660	61
1661	54
1662	46
1663	38
1664	34
1665	32
1666	33
1667	34
1668	36
1669	42
1670	50
1671	57
1672	60
1673	64
1674	69
1675	74
1676	77
1677	81
1678	86
1679	91
1680	93
1681	92
1682	88
1683	84
1684	80
1685	74
1686	66
1687	60
1688	58
1689	60
1690	62
1691	64
1692	62
1693	58
1694	54
1695	50
1696	48
1697	51
1698	58
1699	66
1700	71
1701	74
1702	75
1703	75
1704	74
1705	71
1706	66
1707	60
1708	54
1709	49
1710	43
1711	38
1712	35
1713	34
1714	34
1715	36
1716	39
1717	42
1718	46
1719	51
1720	56
1721	58
1722	59
1723	59
1724	57
1725	56
1726	54
1727	53
1728	50
1729	46
1730	43
1731	41
1732	40
1733	38
1734	37
1735	37
1736	39
1737	41
1738	42
1739	45
1740	47
1741	48
1742	47
1743	44
1744	42
1745	42
1746	44
1747	46
1748	49
1749	49
1750	51
1751	54
1752	60
1753	67
1754	70
1755	69
1756	66
1757	61
1758	57
1759	53
1760	50
1761	49
1762	48
1763	47
1764	46
1765	46
1766	51
1767	57
1768	64
1769	72
1770	78
1771	81
1772	80
1773	76
1774	65
1775	52
1776	40
1777	32
1778	28
1779	28
1780	30
1781	37
1782	45
1783	51
1784	56
1785	60
1786	68
1787	77
1788	84
1789	85
1790	79
1791	71
1792	61
1793	52
1794	46
1795	43
1796	44
1797	47
1798	51
1799	55
1800	61
1801	68
1802	74
1803	77
1804	78
1805	76
1806	71
1807	64
1808	58
1809	54
1810	51
1811	49
1812	47
1813	44
1814	42
1815	41
1816	40
1817	40
1818	41
1819	45
1820	50
1821	56
1822	60
1823	63
1824	65
1825	66
1826	67
1827	68
1828	70
1829	72
1830	72
1831	67
1832	60
1833	51
1834	43
1835	36
1836	31
1837	28
1838	27
1839	31
1840	37
1841	44
1842	52
1843	61
1844	68
1845	71
1846	71
1847	65
1848	58
1849	53
1850	52
1851	56
1852	61
1853	65
1854	68
1855	71
1856	74
1857	76
1858	79
1859	81
1860	83
1861	81
1862	76
1863	69
1864	64
1865	58
1866	53
1867	48
1868	47
1869	50
1870	55
1871	60
1872	65
1873	70
1874	74
1875	77
1876	77
1877	73
1878	69
1879	63
1880	56
1881	48
1882	42
1883	39
1884	40
1885	42
1886	44
1887	44
1888	45
1889	47
1890	50
1891	51
1892	51
1893	52
1894	55
1895	57
1896	56
1897	54
1898	54
1899	54
1900	53
1901	51
1902	48
1903	49
1904	50
1905	50
1906	50
1907	52
1908	54
1909	57
1910	59
1911	59
1912	58
1913	58
1914	56
1915	54
1916	51
1917	52
1918	56
1919	59
1920	63
1921	67
1922	70
1923	71
1924	73
1925	75
1926	77
1927	75
1928	70
1929	64
1930	61
1931	60
1932	58
1933	53
1934	49
1935	45
1936	44
1937	44
1938	45
1939	49
1940	54
1941	60
1942	64
1943	66
1944	67
1945	66
1946	64
1947	62
1948	58
1949	53
1950	48
1951	44
1952	42
1953	40
1954	39
1955	40
1956	41
1957	43
1958	46
1959	50
1960	54
1961	57
1962	59
1963	60
1964	62
1965	64
1966	66
1967	68
1968	70
1969	71
1970	72
1971	70
1972	67
1973	63
1974	61
1975	59
1976	58
1977	56
1978	54
1979	52
1980	50
1981	49
1982	49
1983	50
1984	52
1985	54
1986	58
1987	61
1988	64
1989	66
1990	66
1991	66
1992	67
1993	69
1994	68
1995	66
1996	62
1997	59
1998	56
1999	54
2000	50
2001	49
2002	49
2003	50
2004	52
2005	55
2006	57
2007	57
2008	56
2009	53
2010	50
2011	47
2012	44
2013	42
2014	42
2015	41
2016	41
2017	40
2018	42
2019	46
2020	51
2021	55
2022	59
2023	60
2024	61
2025	61
2026	59
2027	57
2028	56
2029	56
2030	57
2031	58
2032	60
2033	62
2034	62
2035	61
2036	61
2037	62
2038	62
2039	63
2040	65
2041	67
2042	70
2043	71
2044	71
2045	68
2046	66
2047	63
2048	60
2049	57
2050	54
2051	50
2052	46
2053	43
2054	44
2055	44
2056	47
2057	51
2058	55
2059	58
2060	60
2061	62
2062	65
2063	69
2064	72
2065	72
2066	71
2067	68
2068	65
2069	60
2070	54
2071	51
2072	52
2073	52
2074	49
2075	45
2076	44
2077	46
2078	49
2079	50
2080	48
2081	47
2082	47
2083	47
2084	46
2085	45
2086	45
2087	47
2088	48
2089	49
2090	51
2091	55
2092	58
2093	60
2094	61
2095	62
2096	62
2097	61
2098	61
2099	61
2100	61
2101	59
2102	57
2103	57
2104	58
2105	60
2106	62
2107	63
2108	66
2109	68
2110	70
2111	71
2112	72
2113	72
2114	69
2115	65
2116	62
2117	60
2118	58
2119	55
2120	54
2121	55
2122	57
2123	57
2124	58
2125	59
2126	63
2127	67
2128	69
2129	67
2130	64
2131	61
2132	59
2133	58
2134	56
2135	56
2136	57
2137	59
2138	59
2139	58
2140	57
2141	57
2142	58
2143	57
2144	55
2145	55
2146	57
2147	60
2148	62
2149	62
2150	62
2151	60
2152	58
2153	58
2154	59
2155	59
2156	60
2157	60
2158	59
2159	55
2160	49
2161	44
2162	42
2163	40
2164	40
2165	39
2166	37
2167	36
2168	35
2169	34
2170	36
2171	40
2172	44
2173	48
2174	54
2175	60
2176	62
2177	65
2178	69
2179	75
2180	78
2181	79
2182	78
2183	76
2184	71
2185	67
2186	63
2187	61
2188	60
2189	61
2190	61
2191	61
2192	62
2193	62
2194	62
2195	63
2196	64
2197	66
2198	70
2199	73
2200	72
2201	69
2202	67
2203	66
2204	64
2205	64
2206	65
2207	64
2208	61
2209	58
2210	54
2211	50
2212	49
2213	46
2214	43
2215	42
2216	44
2217	46
2218	46
2219	48
2220	50
2221	53
2222	54
2223	52
2224	50
2225	48
2226	49
2227	52
2228	54
2229	57
2230	60
2231	62
2232	63
2233	62
2234	61
2235	62
2236	62
2237	62
2238	63
2239	64
2240	64
2241	65
2242	67
2243	70
2244	73
2245	74
2246	73
2247	71
2248	68
2249	65
2250	59
2251	55
2252	52
2253	51
2254	50
2255	49
2256	49
2257	51
2258	54
2259	55
2260	56
2261	57
2262	58
2263	60
2264	62
2265	64
2266	63
2267	59
2268	52
2269	48
2270	44
2271	43
2272	43
2273	42
2274	43
2275	46
2276	50
2277	54
2278	57
2279	61
2280	63
2281	64
2282	64
2283	62
2284	62
2285	60
2286	60
2287	61
2288	63
2289	65
2290	64
2291	62
2292	60
2293	60
2294	60
2295	60
2296	60
2297	62
2298	64
2299	64
2300	61
2301	55
2302	52
2303	52
2304	54
2305	56
2306	58
2307	60
2308	60
2309	59
2310	58
2311	58
2312	59
2313	62
2314	64
2315	64
2316	62
2317	62
2318	61
2319	61
2320	61
2321	58
2322	55
2323	52
2324	48
2325	43
2326	39
2327	36
2328	36
2329	38
2330	42
2331	47
2332	53
2333	59
2334	63
2335	65
2336	66
2337	68
2338	68
2339	66
2340	61
2341	57
2342	52
2343	49
2344	47
2345	48
2346	50
2347	52
2348	51
2349	48
2350	44
2351	40
2352	37
2353	35
2354	37
2355	42
2356	49
2357	52
2358	56
2359	59
2360	61
2361	62
2362	63
2363	67
2364	73
2365	78
2366	79
2367	80
2368	80
2369	81
2370	81
2371	81
2372	80
2373	79
2374	76
2375	73
2376	71
2377	72
2378	76
2379	77
2380	78
2381	76
2382	73
2383	71
2384	69
2385	65
2386	59
2387	53
2388	48
2389	44
2390	41
2391	40
2392	40
2393	45
2394	54
2395	63
2396	69
2397	70
2398	68
2399	64
2400	58
2401	53
2402	52
2403	56
2404	64
2405	67
2406	64
2407	56
2408	51
2409	48
2410	48
2411	49
2412	52
2413	57
2414	61
2415	60
2416	55
2417	48
2418	42
2419	38
2420	38
2421	39
2422	40
2423	44
2424	52
2425	62
2426	68
2427	66
2428	66
2429	72
2430	78
2431	76
2432	69
2433	62
2434	58
2435	54
2436	50
2437	46
2438	44
2439	46
2440	50
2441	53
2442	54
2443	54
2444	59
2445	65
2446	69
2447	72
2448	74
2449	74
2450	73
2451	72
2452	69
2453	63
2454	56
2455	51
2456	45
2457	40
2458	39
2459	44
2460	52
2461	58
2462	63
2463	66
2464	70
2465	69
2466	63
2467	56
2468	49
2469	45
2470	41
2471	38
2472	38
2473	41
2474	47
2475	53
2476	56
2477	60
2478	63
2479	66
2480	67
2481	66
2482	62
2483	58
2484	55
2485	53
2486	52
2487	52
2488	55
2489	58
2490	61
2491	62
2492	63
2493	64
2494	63
2495	65
2496	66
2497	66
2498	67
2499	66
2500	66
2501	66
2502	67
2503	65
2504	61
2505	55
2506	50
2507	45
2508	41
2509	39
2510	41
2511	45
2512	50
2513	52
2514	53
2515	51
2516	48
2517	47
2518	47
2519	49
2520	52
2521	56
2522	60
2523	62
2524	59
2525	54
2526	49
2527	45
2528	42
2529	42
2530	44
2531	49
2532	54
2533	58
2534	62
2535	65
2536	68
2537	70
2538	73
2539	75
2540	73
2541	70
2542	65
2543	60
2544	56
2545	53
2546	52
2547	51
2548	52
2549	56
2550	62
2551	67
2552	71
2553	72
2554	71
2555	67
2556	60
2557	54
2558	47
2559	42
2560	36
2561	32
2562	33
2563	39
2564	48
2565	55
2566	58
2567	60
2568	62
2569	65
2570	68
2571	70
2572	69
2573	64
2574	56
2575	46
2576	40
2577	36
2578	36
2579	40
2580	48
2581	58
2582	68
2583	77
2584	83
2585	87
2586	88
2587	87
2588	86
2589	85
2590	84
2591	80
2592	70
2593	62
2594	55
2595	50
2596	48
2597	49
2598	53
2599	56
2600	57
2601	55
2602	54
2603	55
2604	58
2605	60
2606	62
2607	63
2608	61
2609	60
2610	60
2611	60
2612	60
2613	60
2614	58
2615	55
2616	54
2617	51
2618	50
2619	51
2620	55
2621	61
2622	64
2623	62
2624	59
2625	57
2626	55
2627	54
2628	53
2629	55
2630	60
2631	65
2632	66
2633	64
2634	60
2635	56
2636	56
2637	57
2638	60
2639	63
2640	65
2641	64
2642	59
2643	52
2644	47
2645	42
2646	38
2647	34
2648	30
2649	28
2650	30
2651	32
2652	36
2653	43
2654	49
2655	57
2656	64
2657	67
2658	65
2659	63
2660	62
2661	63
2662	64
2663	63
2664	60
2665	59
2666	57
2667	55
2668	54
2669	54
2670	57
2671	62
2672	66
2673	68
2674	68
2675	67
2676	64
2677	59
2678	56
2679	55
2680	54
2681	54
2682	55
2683	58
2684	59
2685	60
2686	58
2687	56
2688	54
2689	52
2690	50
2691	47
2692	43
2693	41
2694	38
2695	36
2696	38
2697	41
2698	46
2699	53
2700	58
2701	59
2702	58
2703	56
2704	54
2705	53
2706	54
2707	54
2708	52
2709	51
2710	51
2711	53
2712	56
2713	62
2714	68
2715	73
2716	76
2717	77
2718	75
2719	73
2720	72
2721	71
2722	71
2723	68
2724	67
2725	67
2726	68
2727	67
2728	64
2729	63
2730	69
2731	78
2732	85
2733	87
2734	82
2735	74
2736	64
2737	55
2738	52
2739	55
2740	56
2741	53
2742	46
2743	39
2744	34
2745	31
2746	32
2747	38
2748	48
2749	56
2750	62
2751	60
2752	55
2753	47
2754	40
2755	38
2756	41
2757	50
2758	61
2759	72
2760	81
2761	86
2762	88
2763	90
2764	93
2765	92
2766	86
2767	76
2768	65
2769	53
2770	42
2771	36
2772	37
2773	44
2774	57
2775	69
2776	77
2777	81
2778	82
2779	81
2780	78
2781	70
2782	58
2783	44
2784	29
2785	17
2786	11
2787	11
2788	15
2789	25
2790	36
2791	47
2792	55
2793	60
2794	61
2795	59
2796	57
2797	54
2798	52
2799	51
2800	53
2801	56
2802	59
2803	61
2804	62
2805	62
2806	62
2807	65
2808	67
2809	67
2810	65
2811	62
2812	60
2813	61
2814	63
2815	64
2816	66
2817	66
2818	63
2819	58
2820	53
2821	49
2822	45
2823	40
2824	37
2825	38
2826	42
2827	47
2828	50
2829	51
2830	53
2831	54
2832	54
2833	53
2834	50
2835	48
2836	43
2837	38
2838	33
2839	31
2840	32
2841	37
2842	46
2843	55
2844	63
2845	69
2846	73
2847	79
2848	83
2849	85
2850	82
2851	78
2852	73
2853	68
2854	62
2855	56
2856	51
2857	50
2858	51
2859	54
2860	60
2861	64
2862	66
2863	66
2864	66
2865	66
2866	67
2867	69
2868	70
2869	69
2870	64
2871	58
2872	53
2873	50
2874	53
2875	56
2876	60
2877	63
2878	64
2879	64
2880	63
2881	63
2882	65
2883	68
2884	70
2885	70
2886	68
2887	66
2888	67
2889	66
2890	62
2891	56
2892	48
2893	40
2894	32
2895	25
2896	24
2897	26
2898	33
2899	39
2900	45
2901	49
2902	51
2903	54
2904	56
2905	58
2906	60
2907	59
2908	55
2909	49
2910	41
2911	36
2912	31
2913	28
2914	28
2915	30
2916	36
2917	40
2918	44
2919	46
2920	50
2921	53
2922	54
2923	55
2924	56
2925	58
2926	58
2927	57
2928	56
2929	56
2930	56
2931	55
2932	55
2933	56
2934	60
2935	65
2936	72
2937	78
2938	81
2939	82
2940	81
2941	79
2942	76
2943	74
2944	71
2945	69
2946	66
2947	66
2948	68
2949	75
2950	84
2951	93
2952	99
2953	102
2954	99
2955	95
2956	92
2957	86
2958	80
2959	72
2960	62
2961	53
2962	43
2963	36
2964	35
2965	38
2966	44
2967	47
2968	48
2969	49
2970	48
2971	47
2972	42
2973	36
2974	31
2975	27
2976	22
2977	17
2978	15
2979	18
2980	24
2981	32
2982	39
2983	46
2984	52
2985	54
2986	56
2987	58
2988	59
2989	60
2990	60
2991	62
2992	64
2993	65
2994	64
2995	62
2996	62
2997	64
2998	65
2999	67
3000	69
3001	72
3002	74
3003	75
3004	76
3005	77
3006	77
3007	75
3008	70
3009	63
3010	56
3011	48
3012	45
3013	46
3014	49
3015	52
3016	55
3017	57
3018	57
3019	56
3020	56
3021	56
3022	58
3023	60
3024	61
3025	62
3026	64
3027	66
3028	66
3029	64
3030	62
3031	60
3032	59
3033	60
3034	61
3035	63
3036	64
3037	64
3038	64
3039	62
3040	58
3041	53
3042	49
3043	49
3044	51
3045	52
3046	51
3047	49
3048	48
3049	50
3050	54
3051	57
3052	60
3053	62
3054	61
3055	59
3056	55
3057	51
3058	48
3059	46
3060	47
3061	49
3062	52
3063	53
3064	54
3065	54
3066	55
3067	60
3068	66
3069	71
3070	74
3071	76
3072	76
3073	76
3074	76
3075	78
3076	81
3077	84
3078	84
3079	81
3080	78
3081	79
3082	84
3083	88
3084	90
3085	88
3086	82
3087	76
3088	69
3089	65
3090	62
3091	59
3092	58
3093	59
3094	58
3095	54
3096	50
3097	46
3098	46
3099	49
3100	56
3101	63
3102	68
3103	68
3104	63
3105	55
3106	47
3107	42
3108	42
3109	45
3110	50
3111	58
3112	62
3113	61
3114	55
3115	48
3116	43
3117	43
3118	45
3119	49
3120	51
3121	54
3122	56
3123	57
3124	55
3125	51
3126	48
3127	47
3128	50
3129	52
3130	54
3131	54
3132	54
3133	54
3134	52
3135	47
3136	43
3137	39
3138	37
3139	37
3140	38
3141	40
3142	42
3143	46
3144	48
3145	50
3146	48
3147	43
3148	39
3149	36
3150	36
3151	40
3152	48
3153	57
3154	63
3155	66
3156	65
3157	64
3158	63
3159	66
3160	70
3161	76
3162	82
3163	85
3164	84
3165	80
3166	75
3167	71
3168	69
3169	70
3170	72
3171	77
3172	80
3173	81
3174	83
3175	85
3176	82
3177	75
3178	67
3179	60
3180	53
3181	43
3182	33
3183	28
3184	29
3185	33
3186	39
3187	46
3188	53
3189	60
3190	64
3191	68
3192	71
3193	74
3194	72
3195	66
3196	57
3197	52
3198	51
3199	50
3200	50
3201	50
3202	51
3203	52
3204	52
3205	53
3206	53
3207	56
3208	62
3209	70
3210	76
3211	80
3212	80
3213	78
3214	74
3215	70
3216	66
3217	65
3218	66
3219	68
3220	70
3221	69
3222	66
3223	62
3224	59
3225	58
3226	58
3227	58
3228	57
3229	54
3230	51
3231	49
3232	49
3233	49
3234	49
3235	49
3236	49
3237	50
3238	52
3239	57
3240	61
3241	63
3242	62
3243	59
3244	57
3245	54
3246	51
3247	47
3248	46
3249	48
3250	53
3251	55
3252	55
3253	54
3254	54
3255	51
3256	47
3257	42
3258	42
3259	47
3260	51
3261	53
3262	53
3263	52
3264	49
3265	46
3266	44
3267	42
3268	43
3269	45
3270	47
3271	47
3272	44
3273	41
3274	41
3275	44
3276	49
3277	52
3278	57
3279	61
3280	66
3281	72
3282	78
3283	81
3284	84
3285	85
3286	83
3287	79
3288	74
3289	71
3290	71
3291	70
3292	67
3293	65
3294	64
3295	62
3296	61
3297	62
3298	64
3299	66
3300	66
3301	64
3302	61
3303	60
3304	60
3305	62
3306	64
3307	67
3308	70
3309	70
3310	68
3311	64
3312	60
3313	56
3314	53
3315	49
3316	46
3317	43
3318	40
3319	38
3320	37
3321	35
3322	37
3323	40
3324	44
3325	50
3326	55
3327	60
3328	62
3329	64
3330	64
3331	66
3332	68
3333	70
3334	71
3335	74
3336	78
3337	81
3338	80
3339	78
3340	77
3341	76
3342	73
3343	70
3344	67
3345	66
3346	70
3347	74
3348	78
3349	80
3350	81
3351	81
3352	80
3353	77
3354	74
3355	69
3356	65
3357	62
3358	60
3359	54
3360	49
3361	45
3362	42
3363	42
3364	43
3365	45
3366	50
3367	57
3368	63
3369	65
3370	64
3371	64
3372	64
3373	61
3374	57
3375	56
3376	55
3377	56
3378	55
3379	55
3380	57
3381	58
3382	60
3383	60
3384	59
3385	58
3386	57
3387	55
3388	50
3389	44
3390	38
3391	33
3392	28
3393	28
3394	30
3395	33
3396	38
3397	43
3398	48
3399	53
3400	55
3401	58
3402	59
3403	60
3404	61
3405	60
3406	60
3407	58
3408	55
3409	52
3410	51
3411	49
3412	49
3413	51
3414	54
3415	58
3416	62
3417	65
3418	68
3419	71
3420	74
3421	77
3422	80
3423	83
3424	85
3425	85
3426	82
3427	74
3428	66
3429	59
3430	52
3431	48
3432	46
3433	48
3434	54
3435	57
3436	59
3437	60
3438	60
3439	58
3440	55
3441	52
3442	48
3443	47
3444	48
3445	52
3446	56
3447	59
3448	64
3449	70
3450	74
3451	76
3452	77
3453	79
3454	81
3455	81
3456	81
3457	80
3458	79
3459	76
3460	71
3461	63
3462	57
3463	52
3464	49
3465	47
3466	46
3467	46
3468	45
3469	45
3470	47
3471	51
3472	54
3473	55
3474	54
3475	54
3476	55
3477	56
3478	56
3479	56
3480	55
3481	56
3482	56
3483	56
3484	56
3485	57
3486	61
3487	66
3488	70
3489	74
3490	75
3491	74
3492	72
3493	70
3494	66
3495	63
3496	58
3497	52
3498	46
3499	42
3500	39
3501	38
3502	37
3503	38
3504	39
3505	41
3506	42
3507	43
3508	44
3509	45
3510	47
3511	49
3512	51
3513	54
3514	56
3515	59
3516	62
3517	66
3518	68
3519	68
3520	68
3521	68
3522	72
3523	76
3524	78
3525	76
3526	71
3527	65
3528	60
3529	56
3530	54
3531	53
3532	52
3533	51
3534	52
3535	57
3536	64
3537	71
3538	76
3539	81
3540	83
3541	82
3542	76
3543	69
3544	60
3545	51
3546	45
3547	42
3548	40
3549	40
3550	42
3551	45
3552	49
3553	50
3554	50
3555	49
3556	50
3557	54
3558	56
3559	59
3560	61
3561	62
3562	61
3563	61
3564	61
3565	64
3566	68
3567	72
3568	72
3569	70
3570	65
3571	63
3572	60
3573	56
3574	52
3575	50
3576	48
3577	48
3578	49
3579	51
3580	53
3581	53
3582	50
3583	46
3584	42
3585	37
3586	36
3587	37
3588	40
3589	44
3590	47
3591	52
3592	57
3593	62
3594	65
3595	67
3596	66
3597	62
3598	59
3599	55
3600	52
3601	48
3602	43
3603	40
3604	39
3605	42
3606	47
3607	52
3608	56
3609	60
3610	65
3611	70
3612	74
3613	77
3614	80
3615	83
3616	85
3617	84
3618	81
3619	78
3620	77
3621	75
3622	73
3623	70
3624	66
3625	62
3626	59
3627	57
3628	56
3629	53
3630	50
3631	48
3632	46
3633	46
3634	46
3635	50
3636	52
3637	54
3638	54
3639	54
3640	54
3641	55
3642	56
3643	57
3644	58
3645	60
3646	60
3647	56
3648	50
3649	46
3650	44
3651	43
3652	44
3653	49
3654	56
3655	64
3656	70
3657	74
3658	76
3659	76
3660	75
3661	74
3662	72
3663	69
3664	67
3665	65
3666	61
3667	58
3668	57
3669	59
3670	61
3671	62
3672	64
3673	66
3674	67
3675	68
3676	67
3677	66
3678	62
3679	60
3680	58
3681	56
3682	56
3683	55
3684	55
3685	54
3686	53
3687	52
3688	53
3689	55
3690	57
3691	58
3692	57
3693	56
3694	55
3695	56
3696	56
3697	54
3698	51
3699	51
3700	51
3701	50
3702	50
3703	54
3704	58
3705	62
3706	64
3707	64
3708	63
3709	60
3710	56
3711	55
3712	54
3713	55
3714	56
3715	56
3716	54
3717	51
3718	48
3719	46
3720	44
3721	43
3722	41
3723	41
3724	43
3725	45
3726	47
3727	50
3728	54
3729	58
3730	61
3731	64
3732	67
3733	69
3734	68
3735	66
3736	66
3737	67
3738	68
3739	68
3740	67
3741	66
3742	64
3743	61
3744	60
3745	61
3746	64
3747	67
3748	70
3749	71
3750	69
3751	67
3752	64
3753	61
3754	59
3755	60
3756	62
3757	64
3758	66
3759	66
3760	65
3761	63
3762	61
3763	57
3764	53
3765	49
3766	46
3767	42
3768	39
3769	37
3770	38
3771	42
3772	47
3773	52
3774	55
3775	58
3776	60
3777	63
3778	64
3779	64
3780	64
3781	63
3782	62
3783	60
3784	59
3785	59
3786	62
3787	64
3788	67
3789	72
3790	74
3791	75
3792	74
3793	73
3794	71
3795	68
3796	65
3797	63
3798	60
3799	59
3800	57
3801	55
3802	51
3803	48
3804	48
3805	52
3806	54
3807	56
3808	58
3809	60
3810	62
3811	62
3812	62
3813	62
3814	61
3815	60
3816	57
3817	53
3818	50
3819	46
3820	44
3821	42
3822	41
3823	43
3824	45
3825	48
3826	50
3827	52
3828	55
3829	59
3830	63
3831	67
3832	71
3833	73
3834	71
3835	68
3836	62
3837	57
3838	54
3839	52
3840	54
3841	55
3842	56
3843	55
3844	54
3845	53
3846	54
3847	54
3848	55
3849	56
3850	56
3851	56
3852	54
3853	53
3854	51
3855	53
3856	56
3857	59
3858	62
3859	64
3860	63
3861	62
3862	60
3863	61
3864	61
3865	63
3866	64
3867	65
3868	64
3869	60
3870	57
3871	57
3872	61
3873	67
3874	73
3875	75
3876	75
3877	72
3878	69
3879	66
3880	67
3881	68
3882	68
3883	66
3884	62
3885	57
3886	53
3887	53
3888	57
3889	61
3890	63
3891	61
3892	55
3893	50
3894	46
3895	44
3896	43
3897	46
3898	51
3899	56
3900	59
3901	61
3902	64
3903	69
3904	73
3905	74
3906	70
3907	64
3908	54
3909	44
3910	36
3911	31
3912	28
3913	29
3914	32
3915	39
3916	47
3917	56
3918	61
3919	66
3920	70
3921	74
3922	74
3923	70
3924	63
3925	56
3926	48
3927	42
3928	38
3929	38
3930	43
3931	47
3932	50
3933	54
3934	54
3935	55
3936	56
3937	58
3938	63
3939	70
3940	72
3941	71
3942	69
3943	66
3944	63
3945	62
3946	62
3947	64
3948	64
3949	62
3950	57
3951	54
3952	55
3953	61
3954	68
3955	76
3956	82
3957	88
3958	91
3959	90
3960	87
3961	81
3962	76
3963	72
3964	68
3965	63
3966	58
3967	54
3968	51
3969	49
3970	48
3971	50
3972	54
3973	59
3974	60
3975	58
3976	55
3977	54
3978	53
3979	52
3980	50
3981	49
3982	48
3983	47
3984	47
3985	47
3986	48
3987	50
3988	52
3989	52
3990	52
3991	52
3992	53
3993	56
3994	60
3995	67
3996	72
3997	73
3998	71
3999	68
4000	65
4001	60
4002	56
4003	54
4004	56
4005	60
4006	64
4007	69
4008	73
4009	77
4010	78
4011	78
4012	76
4013	71
4014	66
4015	59
4016	51
4017	45
4018	40
4019	38
4020	39
4021	42
4022	47
4023	51
4024	55
4025	59
4026	64
4027	67
4028	71
4029	72
4030	69
4031	65
4032	59
4033	54
4034	49
4035	48
4036	48
4037	49
4038	47
4039	45
4040	43
4041	42
4042	43
4043	45
4044	47
4045	51
4046	55
4047	57
4048	58
4049	59
4050	62
4051	64
4052	65
4053	66
4054	65
4055	63
4056	63
4057	62
4058	60
4059	56
4060	53
4061	52
4062	52
4063	54
4064	55
4065	56
4066	55
4067	56
4068	56
4069	55
4070	55
4071	56
4072	59
4073	62
4074	64
4075	66
4076	68
4077	69
4078	71
4079	75
