
TIME STEP:
80 = 1ms

VOLTAGE STEP:
32 = 30mV

N	CH1

1	255
2	255
3	255
4	62
5	61
6	60
7	60
8	60
9	60
10	59
11	59
12	59
13	58
14	57
15	55
16	54
17	54
18	55
19	56
20	56
21	58
22	59
23	60
24	59
25	58
26	57
27	55
28	55
29	55
30	57
31	58
32	59
33	59
34	59
35	58
36	58
37	57
38	57
39	57
40	58
41	59
42	59
43	59
44	58
45	57
46	58
47	58
48	59
49	60
50	60
51	60
52	59
53	58
54	58
55	58
56	58
57	58
58	58
59	58
60	57
61	58
62	58
63	59
64	60
65	60
66	60
67	60
68	59
69	59
70	59
71	59
72	58
73	58
74	56
75	57
76	57
77	57
78	58
79	59
80	59
81	59
82	58
83	57
84	58
85	58
86	58
87	57
88	58
89	58
90	57
91	56
92	56
93	56
94	56
95	57
96	58
97	57
98	57
99	57
100	57
101	57
102	57
103	58
104	58
105	58
106	58
107	58
108	56
109	56
110	56
111	56
112	58
113	58
114	59
115	59
116	58
117	58
118	58
119	58
120	58
121	59
122	59
123	59
124	59
125	59
126	59
127	58
128	56
129	56
130	56
131	57
132	57
133	57
134	57
135	57
136	57
137	57
138	57
139	57
140	56
141	56
142	56
143	56
144	56
145	56
146	57
147	57
148	57
149	56
150	56
151	56
152	56
153	56
154	57
155	57
156	58
157	58
158	59
159	58
160	58
161	58
162	58
163	58
164	58
165	58
166	58
167	57
168	58
169	58
170	58
171	58
172	57
173	57
174	58
175	59
176	60
177	60
178	60
179	60
180	60
181	58
182	57
183	56
184	56
185	56
186	56
187	57
188	57
189	57
190	56
191	56
192	56
193	57
194	58
195	58
196	59
197	59
198	59
199	60
200	60
201	61
202	60
203	59
204	59
205	58
206	58
207	58
208	59
209	61
210	61
211	61
212	61
213	60
214	60
215	59
216	60
217	59
218	58
219	57
220	57
221	58
222	58
223	59
224	60
225	60
226	60
227	60
228	58
229	58
230	59
231	61
232	62
233	63
234	63
235	62
236	61
237	61
238	61
239	60
240	60
241	60
242	61
243	62
244	62
245	64
246	64
247	64
248	63
249	63
250	63
251	63
252	63
253	63
254	62
255	62
256	63
257	64
258	63
259	63
260	62
261	62
262	62
263	62
264	62
265	61
266	61
267	61
268	60
269	60
270	60
271	60
272	60
273	60
274	59
275	59
276	60
277	60
278	61
279	62
280	63
281	62
282	61
283	60
284	60
285	59
286	60
287	60
288	60
289	60
290	60
291	60
292	62
293	62
294	63
295	63
296	62
297	61
298	60
299	58
300	57
301	58
302	59
303	60
304	62
305	62
306	62
307	62
308	62
309	62
310	62
311	62
312	62
313	61
314	60
315	59
316	58
317	58
318	59
319	60
320	60
321	58
322	55
323	52
324	48
325	45
326	40
327	35
328	25
329	11
330	0
331	0
332	0
333	0
334	0
335	0
336	0
337	0
338	0
339	0
340	0
341	130
342	255
343	255
344	255
345	255
346	255
347	255
348	104
349	0
350	0
351	0
352	0
353	0
354	0
355	0
356	220
357	255
358	255
359	255
360	255
361	255
362	255
363	53
364	0
365	0
366	0
367	0
368	0
369	0
370	0
371	148
372	242
373	255
374	255
375	255
376	214
377	83
378	0
379	0
380	0
381	0
382	0
383	0
384	0
385	0
386	46
387	73
388	97
389	120
390	109
391	64
392	22
393	12
394	33
395	59
396	51
397	9
398	0
399	0
400	4
401	6
402	0
403	0
404	0
405	38
406	82
407	89
408	67
409	41
410	24
411	13
412	0
413	0
414	0
415	0
416	0
417	0
418	0
419	0
420	0
421	0
422	0
423	56
424	106
425	122
426	123
427	144
428	186
429	216
430	207
431	169
432	121
433	77
434	42
435	14
436	0
437	0
438	0
439	1
440	25
441	63
442	118
443	165
444	176
445	150
446	105
447	54
448	6
449	0
450	0
451	0
452	0
453	0
454	0
455	0
456	2
457	32
458	74
459	105
460	122
461	124
462	117
463	108
464	100
465	80
466	58
467	56
468	78
469	97
470	93
471	80
472	75
473	74
474	72
475	77
476	94
477	106
478	95
479	68
480	39
481	18
482	6
483	7
484	19
485	35
486	45
487	44
488	31
489	18
490	18
491	28
492	27
493	16
494	8
495	8
496	9
497	13
498	21
499	24
500	22
501	27
502	37
503	39
504	39
505	48
506	64
507	74
508	84
509	96
510	101
511	92
512	76
513	66
514	57
515	47
516	36
517	25
518	14
519	8
520	8
521	12
522	9
523	2
524	0
525	0
526	0
527	0
528	0
529	0
530	0
531	0
532	6
533	61
534	99
535	110
536	106
537	104
538	118
539	143
540	156
541	149
542	128
543	100
544	77
545	64
546	58
547	64
548	86
549	110
550	112
551	85
552	48
553	30
554	35
555	47
556	56
557	64
558	69
559	64
560	53
561	34
562	10
563	0
564	0
565	0
566	0
567	0
568	0
569	0
570	0
571	26
572	72
573	110
574	129
575	126
576	112
577	111
578	120
579	123
580	111
581	97
582	89
583	80
584	66
585	58
586	73
587	107
588	138
589	149
590	140
591	126
592	115
593	102
594	81
595	51
596	17
597	0
598	0
599	0
600	0
601	0
602	0
603	0
604	10
605	24
606	27
607	27
608	33
609	46
610	56
611	54
612	46
613	39
614	34
615	24
616	12
617	1
618	0
619	0
620	12
621	32
622	53
623	76
624	97
625	115
626	132
627	141
628	140
629	126
630	106
631	80
632	46
633	5
634	0
635	0
636	0
637	0
638	0
639	0
640	7
641	39
642	69
643	83
644	88
645	85
646	75
647	60
648	52
649	48
650	39
651	32
652	37
653	49
654	59
655	64
656	71
657	84
658	101
659	113
660	110
661	97
662	86
663	82
664	76
665	60
666	40
667	23
668	12
669	5
670	1
671	4
672	17
673	30
674	36
675	39
676	40
677	41
678	42
679	45
680	49
681	52
682	55
683	55
684	50
685	42
686	42
687	50
688	58
689	61
690	60
691	62
692	73
693	86
694	94
695	92
696	88
697	81
698	75
699	65
700	51
701	38
702	34
703	39
704	46
705	49
706	50
707	53
708	58
709	61
710	62
711	59
712	56
713	56
714	53
715	48
716	43
717	39
718	33
719	26
720	22
721	17
722	12
723	11
724	16
725	25
726	37
727	45
728	47
729	47
730	46
731	46
732	43
733	41
734	35
735	29
736	26
737	27
738	38
739	51
740	61
741	66
742	69
743	70
744	68
745	64
746	62
747	64
748	66
749	64
750	59
751	52
752	49
753	52
754	59
755	67
756	75
757	82
758	88
759	94
760	101
761	107
762	113
763	117
764	116
765	105
766	86
767	64
768	42
769	22
770	9
771	0
772	0
773	0
774	0
775	0
776	0
777	0
778	15
779	30
780	45
781	56
782	64
783	65
784	59
785	52
786	48
787	46
788	46
789	47
790	49
791	50
792	51
793	52
794	56
795	63
796	71
797	79
798	85
799	88
800	85
801	83
802	84
803	93
804	103
805	106
806	100
807	89
808	75
809	61
810	48
811	42
812	38
813	37
814	34
815	27
816	22
817	18
818	14
819	8
820	2
821	0
822	0
823	1
824	3
825	8
826	16
827	25
828	31
829	32
830	29
831	24
832	18
833	14
834	14
835	15
836	18
837	22
838	30
839	41
840	56
841	72
842	85
843	92
844	95
845	95
846	90
847	84
848	76
849	66
850	58
851	55
852	54
853	51
854	52
855	56
856	59
857	58
858	54
859	48
860	47
861	54
862	66
863	76
864	79
865	76
866	71
867	67
868	62
869	61
870	65
871	70
872	68
873	60
874	52
875	49
876	53
877	60
878	66
879	70
880	71
881	68
882	61
883	53
884	48
885	48
886	53
887	56
888	51
889	42
890	34
891	32
892	31
893	31
894	32
895	36
896	42
897	48
898	50
899	52
900	54
901	57
902	58
903	56
904	50
905	41
906	35
907	32
908	34
909	42
910	51
911	64
912	76
913	84
914	86
915	82
916	79
917	72
918	66
919	61
920	53
921	45
922	41
923	41
924	37
925	27
926	19
927	20
928	25
929	26
930	23
931	22
932	26
933	36
934	47
935	57
936	68
937	76
938	77
939	68
940	58
941	57
942	61
943	63
944	58
945	53
946	55
947	64
948	70
949	71
950	70
951	75
952	80
953	80
954	72
955	63
956	59
957	52
958	41
959	31
960	29
961	33
962	42
963	52
964	57
965	58
966	56
967	55
968	55
969	56
970	53
971	46
972	36
973	24
974	15
975	13
976	18
977	29
978	44
979	57
980	63
981	66
982	67
983	70
984	74
985	79
986	81
987	76
988	69
989	64
990	61
991	57
992	51
993	46
994	40
995	35
996	31
997	28
998	29
999	34
1000	39
1001	47
1002	57
1003	64
1004	65
1005	56
1006	44
1007	37
1008	34
1009	27
1010	17
1011	14
1012	23
1013	37
1014	47
1015	52
1016	55
1017	65
1018	80
1019	94
1020	97
1021	88
1022	79
1023	72
1024	67
1025	58
1026	48
1027	45
1028	51
1029	63
1030	73
1031	80
1032	83
1033	83
1034	81
1035	74
1036	62
1037	48
1038	36
1039	27
1040	21
1041	20
1042	23
1043	28
1044	32
1045	36
1046	40
1047	46
1048	54
1049	60
1050	61
1051	61
1052	62
1053	59
1054	52
1055	41
1056	30
1057	24
1058	21
1059	20
1060	18
1061	19
1062	21
1063	24
1064	28
1065	34
1066	42
1067	52
1068	64
1069	76
1070	83
1071	83
1072	75
1073	68
1074	66
1075	66
1076	65
1077	62
1078	59
1079	60
1080	64
1081	67
1082	69
1083	72
1084	78
1085	86
1086	93
1087	92
1088	85
1089	78
1090	74
1091	70
1092	65
1093	62
1094	58
1095	56
1096	51
1097	43
1098	33
1099	26
1100	25
1101	28
1102	33
1103	38
1104	40
1105	42
1106	40
1107	38
1108	36
1109	34
1110	34
1111	38
1112	42
1113	45
1114	49
1115	56
1116	65
1117	77
1118	86
1119	91
1120	92
1121	90
1122	83
1123	70
1124	53
1125	40
1126	31
1127	26
1128	22
1129	18
1130	14
1131	11
1132	11
1133	16
1134	23
1135	32
1136	41
1137	49
1138	57
1139	63
1140	66
1141	68
1142	68
1143	68
1144	66
1145	62
1146	56
1147	54
1148	56
1149	61
1150	67
1151	72
1152	77
1153	77
1154	72
1155	65
1156	56
1157	48
1158	43
1159	42
1160	43
1161	47
1162	50
1163	54
1164	57
1165	59
1166	61
1167	64
1168	68
1169	74
1170	77
1171	77
1172	79
1173	81
1174	85
1175	89
1176	92
1177	93
1178	92
1179	84
1180	69
1181	53
1182	42
1183	40
1184	44
1185	47
1186	47
1187	46
1188	47
1189	46
1190	45
1191	43
1192	38
1193	30
1194	18
1195	8
1196	4
1197	6
1198	13
1199	21
1200	27
1201	34
1202	50
1203	68
1204	80
1205	85
1206	92
1207	99
1208	105
1209	100
1210	87
1211	73
1212	67
1213	62
1214	55
1215	43
1216	32
1217	26
1218	24
1219	18
1220	8
1221	6
1222	14
1223	25
1224	33
1225	44
1226	57
1227	71
1228	81
1229	83
1230	79
1231	73
1232	68
1233	60
1234	48
1235	40
1236	38
1237	36
1238	30
1239	27
1240	37
1241	54
1242	66
1243	72
1244	74
1245	74
1246	68
1247	61
1248	55
1249	50
1250	46
1251	46
1252	46
1253	47
1254	52
1255	64
1256	75
1257	82
1258	81
1259	75
1260	64
1261	50
1262	36
1263	28
1264	24
1265	25
1266	27
1267	34
1268	42
1269	51
1270	58
1271	59
1272	54
1273	49
1274	44
1275	40
1276	41
1277	50
1278	61
1279	67
1280	70
1281	74
1282	78
1283	77
1284	72
1285	64
1286	56
1287	45
1288	34
1289	27
1290	28
1291	30
1292	36
1293	47
1294	59
1295	65
1296	65
1297	64
1298	66
1299	71
1300	75
1301	74
1302	68
1303	58
1304	47
1305	38
1306	32
1307	30
1308	31
1309	34
1310	38
1311	41
1312	44
1313	50
1314	58
1315	66
1316	70
1317	71
1318	71
1319	72
1320	76
1321	77
1322	74
1323	66
1324	56
1325	44
1326	30
1327	24
1328	24
1329	28
1330	30
1331	32
1332	35
1333	39
1334	44
1335	47
1336	47
1337	44
1338	44
1339	44
1340	46
1341	49
1342	52
1343	60
1344	70
1345	77
1346	78
1347	71
1348	64
1349	59
1350	55
1351	51
1352	47
1353	45
1354	40
1355	34
1356	30
1357	30
1358	31
1359	33
1360	32
1361	34
1362	38
1363	44
1364	48
1365	53
1366	59
1367	65
1368	69
1369	69
1370	68
1371	67
1372	65
1373	59
1374	51
1375	45
1376	41
1377	38
1378	38
1379	37
1380	38
1381	39
1382	39
1383	39
1384	39
1385	40
1386	44
1387	53
1388	63
1389	71
1390	79
1391	86
1392	90
1393	86
1394	79
1395	74
1396	71
1397	68
1398	67
1399	66
1400	62
1401	60
1402	61
1403	61
1404	60
1405	63
1406	68
1407	70
1408	70
1409	67
1410	61
1411	53
1412	42
1413	34
1414	30
1415	28
1416	24
1417	20
1418	16
1419	15
1420	18
1421	23
1422	30
1423	41
1424	54
1425	66
1426	76
1427	85
1428	91
1429	91
1430	83
1431	73
1432	65
1433	62
1434	57
1435	48
1436	40
1437	37
1438	40
1439	43
1440	44
1441	43
1442	43
1443	46
1444	51
1445	59
1446	67
1447	73
1448	74
1449	65
1450	53
1451	40
1452	28
1453	22
1454	21
1455	23
1456	24
1457	26
1458	31
1459	40
1460	51
1461	58
1462	62
1463	63
1464	61
1465	56
1466	53
1467	58
1468	68
1469	74
1470	76
1471	74
1472	74
1473	76
1474	76
1475	74
1476	74
1477	75
1478	74
1479	69
1480	63
1481	56
1482	51
1483	49
1484	48
1485	48
1486	49
1487	53
1488	58
1489	64
1490	74
1491	85
1492	90
1493	91
1494	94
1495	102
1496	106
1497	101
1498	86
1499	64
1500	43
1501	28
1502	17
1503	9
1504	5
1505	6
1506	9
1507	15
1508	27
1509	41
1510	49
1511	54
1512	64
1513	80
1514	96
1515	105
1516	106
1517	102
1518	96
1519	90
1520	83
1521	73
1522	66
1523	61
1524	52
1525	38
1526	25
1527	18
1528	16
1529	15
1530	18
1531	25
1532	35
1533	44
1534	51
1535	60
1536	72
1537	82
1538	87
1539	84
1540	75
1541	64
1542	51
1543	38
1544	26
1545	23
1546	29
1547	40
1548	51
1549	60
1550	70
1551	76
1552	74
1553	64
1554	55
1555	51
1556	51
1557	52
1558	53
1559	55
1560	59
1561	64
1562	67
1563	71
1564	75
1565	81
1566	87
1567	89
1568	87
1569	80
1570	71
1571	63
1572	58
1573	53
1574	48
1575	45
1576	47
1577	51
1578	56
1579	58
1580	58
1581	60
1582	64
1583	70
1584	74
1585	79
1586	86
1587	93
1588	94
1589	86
1590	72
1591	58
1592	45
1593	36
1594	28
1595	20
1596	15
1597	13
1598	15
1599	24
1600	39
1601	53
1602	62
1603	67
1604	72
1605	77
1606	77
1607	72
1608	61
1609	50
1610	38
1611	27
1612	18
1613	10
1614	9
1615	15
1616	26
1617	41
1618	52
1619	59
1620	63
1621	67
1622	72
1623	75
1624	73
1625	64
1626	54
1627	42
1628	28
1629	16
1630	6
1631	0
1632	0
1633	0
1634	0
1635	3
1636	17
1637	37
1638	58
1639	73
1640	78
1641	83
1642	88
1643	89
1644	88
1645	85
1646	79
1647	70
1648	58
1649	48
1650	42
1651	42
1652	44
1653	48
1654	54
1655	60
1656	63
1657	62
1658	61
1659	63
1660	66
1661	69
1662	68
1663	65
1664	61
1665	56
1666	52
1667	48
1668	49
1669	54
1670	60
1671	63
1672	66
1673	71
1674	77
1675	81
1676	81
1677	79
1678	77
1679	74
1680	69
1681	61
1682	52
1683	45
1684	39
1685	33
1686	25
1687	16
1688	12
1689	15
1690	24
1691	34
1692	45
1693	56
1694	67
1695	76
1696	80
1697	78
1698	74
1699	71
1700	68
1701	64
1702	55
1703	45
1704	37
1705	33
1706	35
1707	43
1708	54
1709	62
1710	70
1711	80
1712	89
1713	94
1714	96
1715	94
1716	87
1717	82
1718	78
1719	74
1720	70
1721	66
1722	60
1723	55
1724	50
1725	45
1726	42
1727	40
1728	40
1729	42
1730	43
1731	42
1732	42
1733	41
1734	39
1735	36
1736	32
1737	27
1738	24
1739	26
1740	29
1741	33
1742	36
1743	41
1744	49
1745	54
1746	59
1747	64
1748	70
1749	74
1750	76
1751	76
1752	74
1753	71
1754	68
1755	65
1756	63
1757	64
1758	68
1759	73
1760	75
1761	72
1762	66
1763	61
1764	59
1765	59
1766	58
1767	56
1768	53
1769	49
1770	43
1771	36
1772	31
1773	32
1774	36
1775	39
1776	43
1777	48
1778	55
1779	61
1780	63
1781	64
1782	67
1783	70
1784	70
1785	67
1786	61
1787	55
1788	50
1789	46
1790	45
1791	46
1792	49
1793	52
1794	53
1795	51
1796	47
1797	43
1798	41
1799	45
1800	51
1801	56
1802	57
1803	57
1804	59
1805	61
1806	62
1807	61
1808	61
1809	60
1810	58
1811	56
1812	54
1813	54
1814	56
1815	57
1816	60
1817	65
1818	74
1819	81
1820	86
1821	91
1822	96
1823	98
1824	94
1825	87
1826	81
1827	77
1828	73
1829	66
1830	58
1831	53
1832	50
1833	49
1834	46
1835	44
1836	42
1837	40
1838	40
1839	40
1840	41
1841	45
1842	49
1843	54
1844	58
1845	60
1846	61
1847	63
1848	65
1849	65
1850	64
1851	61
1852	58
1853	55
1854	56
1855	59
1856	62
1857	65
1858	65
1859	67
1860	69
1861	70
1862	68
1863	67
1864	66
1865	68
1866	67
1867	64
1868	62
1869	61
1870	61
1871	61
1872	60
1873	60
1874	60
1875	60
1876	60
1877	60
1878	58
1879	57
1880	58
1881	61
1882	64
1883	65
1884	66
1885	67
1886	68
1887	67
1888	66
1889	64
1890	62
1891	58
1892	55
1893	53
1894	52
1895	54
1896	57
1897	61
1898	65
1899	65
1900	60
1901	54
1902	50
1903	47
1904	41
1905	34
1906	25
1907	18
1908	13
1909	9
1910	8
1911	11
1912	18
1913	25
1914	29
1915	32
1916	37
1917	43
1918	48
1919	53
1920	56
1921	58
1922	60
1923	59
1924	58
1925	57
1926	60
1927	64
1928	70
1929	74
1930	78
1931	79
1932	78
1933	73
1934	68
1935	65
1936	65
1937	64
1938	63
1939	60
1940	57
1941	56
1942	54
1943	50
1944	48
1945	48
1946	49
1947	51
1948	53
1949	53
1950	53
1951	53
1952	53
1953	53
1954	55
1955	58
1956	61
1957	63
1958	64
1959	64
1960	64
1961	64
1962	65
1963	65
1964	65
1965	62
1966	60
1967	59
1968	60
1969	62
1970	65
1971	65
1972	63
1973	60
1974	56
1975	55
1976	53
1977	53
1978	53
1979	54
1980	56
1981	57
1982	56
1983	56
1984	57
1985	59
1986	62
1987	64
1988	64
1989	64
1990	63
1991	63
1992	61
1993	60
1994	61
1995	61
1996	59
1997	54
1998	50
1999	49
2000	51
2001	54
2002	58
2003	62
2004	65
2005	66
2006	66
2007	65
2008	65
2009	66
2010	65
2011	61
2012	55
2013	51
2014	48
2015	47
2016	48
2017	50
2018	51
2019	52
2020	52
2021	49
2022	46
2023	45
2024	44
2025	44
2026	43
2027	43
2028	41
2029	39
2030	35
2031	31
2032	32
2033	34
2034	38
2035	44
2036	53
2037	62
2038	71
2039	76
2040	78
2041	75
2042	70
2043	66
2044	63
2045	62
2046	62
2047	59
2048	56
2049	50
2050	46
2051	40
2052	38
2053	43
2054	50
2055	56
2056	59
2057	62
2058	64
2059	64
2060	67
2061	71
2062	73
2063	73
2064	70
2065	65
2066	58
2067	52
2068	48
2069	48
2070	51
2071	55
2072	60
2073	64
2074	67
2075	67
2076	66
2077	65
2078	63
2079	59
2080	53
2081	46
2082	44
2083	43
2084	44
2085	46
2086	51
2087	57
2088	61
2089	64
2090	64
2091	64
2092	63
2093	62
2094	62
2095	63
2096	66
2097	68
2098	70
2099	71
2100	71
2101	71
2102	69
2103	66
2104	63
2105	60
2106	56
2107	53
2108	50
2109	48
2110	49
2111	51
2112	55
2113	58
2114	61
2115	63
2116	63
2117	61
2118	58
2119	57
2120	59
2121	61
2122	59
2123	56
2124	52
2125	49
2126	48
2127	49
2128	52
2129	56
2130	60
2131	63
2132	64
2133	65
2134	68
2135	70
2136	73
2137	74
2138	75
2139	74
2140	72
2141	68
2142	65
2143	63
2144	60
2145	58
2146	58
2147	55
2148	51
2149	48
2150	47
2151	46
2152	46
2153	46
2154	47
2155	51
2156	54
2157	55
2158	55
2159	54
2160	53
2161	52
2162	50
2163	49
2164	49
2165	51
2166	53
2167	53
2168	52
2169	54
2170	59
2171	64
2172	64
2173	61
2174	57
2175	56
2176	56
2177	55
2178	54
2179	56
2180	58
2181	60
2182	59
2183	59
2184	60
2185	65
2186	67
2187	65
2188	61
2189	58
2190	57
2191	58
2192	58
2193	57
2194	56
2195	54
2196	53
2197	52
2198	52
2199	53
2200	54
2201	55
2202	55
2203	54
2204	56
2205	60
2206	66
2207	71
2208	76
2209	79
2210	80
2211	80
2212	78
2213	75
2214	71
2215	66
2216	61
2217	56
2218	50
2219	43
2220	36
2221	33
2222	31
2223	33
2224	34
2225	37
2226	41
2227	45
2228	49
2229	54
2230	60
2231	65
2232	70
2233	72
2234	75
2235	77
2236	77
2237	75
2238	72
2239	69
2240	65
2241	61
2242	56
2243	50
2244	42
2245	32
2246	26
2247	25
2248	27
2249	33
2250	39
2251	45
2252	50
2253	56
2254	58
2255	59
2256	59
2257	62
2258	65
2259	68
2260	68
2261	64
2262	59
2263	55
2264	51
2265	50
2266	49
2267	48
2268	44
2269	43
2270	43
2271	47
2272	56
2273	66
2274	76
2275	84
2276	87
2277	88
2278	86
2279	83
2280	82
2281	82
2282	81
2283	77
2284	68
2285	58
2286	50
2287	45
2288	43
2289	44
2290	47
2291	48
2292	49
2293	49
2294	50
2295	51
2296	54
2297	56
2298	57
2299	57
2300	54
2301	50
2302	50
2303	52
2304	55
2305	57
2306	61
2307	67
2308	71
2309	73
2310	73
2311	72
2312	68
2313	62
2314	57
2315	54
2316	54
2317	57
2318	58
2319	57
2320	56
2321	55
2322	54
2323	54
2324	57
2325	62
2326	64
2327	64
2328	62
2329	61
2330	62
2331	64
2332	65
2333	64
2334	63
2335	61
2336	59
2337	55
2338	51
2339	48
2340	45
2341	42
2342	39
2343	37
2344	36
2345	34
2346	34
2347	35
2348	37
2349	41
2350	47
2351	51
2352	54
2353	57
2354	56
2355	56
2356	58
2357	63
2358	67
2359	71
2360	74
2361	76
2362	75
2363	71
2364	65
2365	59
2366	54
2367	50
2368	47
2369	48
2370	54
2371	62
2372	68
2373	74
2374	78
2375	81
2376	82
2377	81
2378	82
2379	83
2380	80
2381	75
2382	70
2383	67
2384	66
2385	67
2386	68
2387	70
2388	73
2389	74
2390	74
2391	72
2392	67
2393	58
2394	52
2395	49
2396	49
2397	50
2398	51
2399	50
2400	52
2401	52
2402	50
2403	45
2404	44
2405	49
2406	57
2407	61
2408	60
2409	57
2410	55
2411	52
2412	48
2413	42
2414	43
2415	50
2416	58
2417	62
2418	64
2419	66
2420	67
2421	66
2422	65
2423	67
2424	69
2425	69
2426	70
2427	70
2428	68
2429	71
2430	72
2431	67
2432	55
2433	40
2434	30
2435	27
2436	26
2437	27
2438	29
2439	37
2440	51
2441	66
2442	79
2443	88
2444	92
2445	91
2446	86
2447	80
2448	72
2449	66
2450	60
2451	52
2452	43
2453	36
2454	32
2455	30
2456	32
2457	40
2458	49
2459	53
2460	54
2461	52
2462	52
2463	52
2464	55
2465	58
2466	60
2467	62
2468	66
2469	68
2470	71
2471	72
2472	70
2473	67
2474	62
2475	55
2476	47
2477	40
2478	36
2479	34
2480	34
2481	35
2482	39
2483	43
2484	48
2485	51
2486	51
2487	50
2488	50
2489	53
2490	56
2491	59
2492	61
2493	61
2494	62
2495	62
2496	64
2497	63
2498	60
2499	57
2500	54
2501	53
2502	53
2503	56
2504	59
2505	61
2506	61
2507	61
2508	61
2509	62
2510	63
2511	65
2512	64
2513	62
2514	59
2515	59
2516	59
2517	59
2518	59
2519	59
2520	59
2521	58
2522	55
2523	55
2524	54
2525	55
2526	55
2527	53
2528	48
2529	44
2530	42
2531	43
2532	46
2533	49
2534	49
2535	48
2536	47
2537	47
2538	50
2539	56
2540	64
2541	72
2542	73
2543	69
2544	62
2545	57
2546	56
2547	57
2548	59
2549	64
2550	70
2551	76
2552	77
2553	74
2554	70
2555	66
2556	64
2557	61
2558	56
2559	53
2560	52
2561	52
2562	53
2563	53
2564	54
2565	56
2566	56
2567	56
2568	52
2569	51
2570	53
2571	58
2572	61
2573	63
2574	61
2575	61
2576	64
2577	67
2578	70
2579	71
2580	69
2581	68
2582	65
2583	61
2584	58
2585	56
2586	57
2587	59
2588	58
2589	59
2590	59
2591	62
2592	65
2593	66
2594	67
2595	67
2596	66
2597	62
2598	58
2599	54
2600	53
2601	56
2602	58
2603	59
2604	60
2605	63
2606	64
2607	60
2608	56
2609	55
2610	57
2611	62
2612	68
2613	73
2614	76
2615	75
2616	73
2617	70
2618	66
2619	63
2620	62
2621	63
2622	63
2623	65
2624	66
2625	69
2626	69
2627	69
2628	70
2629	72
2630	71
2631	67
2632	62
2633	56
2634	53
2635	49
2636	44
2637	39
2638	34
2639	30
2640	25
2641	23
2642	28
2643	37
2644	44
2645	48
2646	49
2647	47
2648	45
2649	43
2650	43
2651	44
2652	47
2653	49
2654	51
2655	51
2656	53
2657	55
2658	58
2659	60
2660	62
2661	64
2662	65
2663	68
2664	71
2665	74
2666	74
2667	73
2668	72
2669	67
2670	63
2671	60
2672	60
2673	62
2674	65
2675	66
2676	63
2677	60
2678	56
2679	54
2680	53
2681	54
2682	55
2683	57
2684	58
2685	59
2686	58
2687	56
2688	57
2689	61
2690	66
2691	67
2692	66
2693	62
2694	59
2695	57
2696	56
2697	54
2698	54
2699	57
2700	60
2701	59
2702	56
2703	53
2704	55
2705	59
2706	66
2707	71
2708	75
2709	75
2710	71
2711	65
2712	62
2713	62
2714	66
2715	70
2716	73
2717	73
2718	72
2719	71
2720	70
2721	69
2722	70
2723	73
2724	76
2725	77
2726	74
2727	67
2728	60
2729	56
2730	54
2731	52
2732	48
2733	45
2734	40
2735	39
2736	37
2737	35
2738	33
2739	31
2740	32
2741	31
2742	31
2743	34
2744	44
2745	56
2746	62
2747	62
2748	61
2749	62
2750	66
2751	70
2752	73
2753	74
2754	70
2755	64
2756	59
2757	57
2758	60
2759	68
2760	75
2761	80
2762	82
2763	82
2764	81
2765	80
2766	79
2767	77
2768	74
2769	71
2770	68
2771	64
2772	62
2773	64
2774	67
2775	66
2776	64
2777	62
2778	61
2779	57
2780	48
2781	38
2782	29
2783	24
2784	23
2785	27
2786	34
2787	44
2788	54
2789	61
2790	62
2791	59
2792	54
2793	51
2794	46
2795	41
2796	38
2797	38
2798	37
2799	38
2800	39
2801	41
2802	44
2803	50
2804	56
2805	60
2806	64
2807	66
2808	67
2809	67
2810	66
2811	61
2812	54
2813	48
2814	42
2815	37
2816	37
2817	44
2818	54
2819	62
2820	66
2821	67
2822	68
2823	69
2824	69
2825	69
2826	67
2827	65
2828	61
2829	56
2830	51
2831	53
2832	58
2833	63
2834	67
2835	70
2836	72
2837	71
2838	69
2839	66
2840	63
2841	62
2842	62
2843	63
2844	65
2845	66
2846	63
2847	60
2848	56
2849	55
2850	56
2851	56
2852	55
2853	54
2854	54
2855	54
2856	55
2857	59
2858	65
2859	69
2860	68
2861	63
2862	56
2863	53
2864	54
2865	57
2866	58
2867	56
2868	52
2869	51
2870	52
2871	54
2872	57
2873	59
2874	62
2875	64
2876	64
2877	60
2878	55
2879	54
2880	53
2881	52
2882	49
2883	48
2884	50
2885	52
2886	55
2887	59
2888	63
2889	68
2890	74
2891	81
2892	87
2893	89
2894	86
2895	82
2896	78
2897	73
2898	67
2899	61
2900	56
2901	50
2902	42
2903	32
2904	26
2905	25
2906	26
2907	30
2908	34
2909	39
2910	45
2911	51
2912	58
2913	63
2914	66
2915	69
2916	68
2917	64
2918	56
2919	50
2920	44
2921	41
2922	39
2923	39
2924	42
2925	46
2926	49
2927	52
2928	57
2929	59
2930	60
2931	61
2932	64
2933	68
2934	72
2935	74
2936	74
2937	73
2938	74
2939	76
2940	80
2941	81
2942	80
2943	78
2944	76
2945	74
2946	72
2947	70
2948	69
2949	67
2950	66
2951	62
2952	59
2953	55
2954	53
2955	54
2956	56
2957	59
2958	61
2959	62
2960	64
2961	64
2962	65
2963	64
2964	64
2965	62
2966	61
2967	57
2968	53
2969	48
2970	44
2971	42
2972	39
2973	39
2974	39
2975	39
2976	41
2977	44
2978	50
2979	58
2980	64
2981	70
2982	71
2983	71
2984	71
2985	68
2986	63
2987	58
2988	56
2989	55
2990	54
2991	52
2992	50
2993	50
2994	50
2995	51
2996	50
2997	51
2998	53
2999	60
3000	68
3001	74
3002	78
3003	79
3004	79
3005	78
3006	75
3007	69
3008	64
3009	61
3010	58
3011	54
3012	51
3013	50
3014	53
3015	57
3016	60
3017	63
3018	65
3019	65
3020	61
3021	56
3022	51
3023	48
3024	46
3025	43
3026	40
3027	37
3028	38
3029	41
3030	45
3031	50
3032	57
3033	65
3034	72
3035	76
3036	76
3037	75
3038	72
3039	69
3040	65
3041	63
3042	63
3043	62
3044	57
3045	52
3046	46
3047	45
3048	45
3049	48
3050	51
3051	54
3052	55
3053	53
3054	50
3055	48
3056	49
3057	54
3058	58
3059	60
3060	60
3061	58
3062	55
3063	55
3064	58
3065	64
3066	70
3067	72
3068	70
3069	66
3070	61
3071	54
3072	50
3073	52
3074	61
3075	70
3076	74
3077	74
3078	73
3079	71
3080	68
3081	64
3082	64
3083	65
3084	66
3085	63
3086	61
3087	61
3088	63
3089	64
3090	67
3091	69
3092	70
3093	72
3094	70
3095	68
3096	65
3097	58
3098	52
3099	51
3100	53
3101	57
3102	59
3103	59
3104	59
3105	61
3106	64
3107	71
3108	76
3109	76
3110	66
3111	55
3112	46
3113	38
3114	34
3115	33
3116	37
3117	41
3118	43
3119	41
3120	37
3121	34
3122	32
3123	31
3124	32
3125	35
3126	39
3127	41
3128	40
3129	37
3130	33
3131	31
3132	32
3133	35
3134	41
3135	50
3136	58
3137	65
3138	70
3139	73
3140	75
3141	78
3142	78
3143	76
3144	74
3145	73
3146	74
3147	74
3148	72
3149	68
3150	62
3151	55
3152	48
3153	42
3154	38
3155	39
3156	45
3157	53
3158	62
3159	68
3160	73
3161	76
3162	74
3163	71
3164	67
3165	62
3166	60
3167	61
3168	62
3169	63
3170	62
3171	58
3172	54
3173	51
3174	53
3175	58
3176	63
3177	69
3178	75
3179	80
3180	83
3181	84
3182	83
3183	82
3184	80
3185	78
3186	76
3187	70
3188	63
3189	55
3190	50
3191	48
3192	49
3193	50
3194	48
3195	48
3196	49
3197	51
3198	52
3199	51
3200	53
3201	56
3202	58
3203	56
3204	55
3205	54
3206	54
3207	51
3208	47
3209	41
3210	36
3211	34
3212	34
3213	37
3214	41
3215	47
3216	54
3217	60
3218	65
3219	66
3220	64
3221	62
3222	60
3223	58
3224	56
3225	54
3226	52
3227	51
3228	52
3229	52
3230	53
3231	55
3232	56
3233	56
3234	55
3235	55
3236	54
3237	56
3238	56
3239	58
3240	60
3241	60
3242	56
3243	51
3244	48
3245	49
3246	53
3247	60
3248	68
3249	74
3250	76
3251	75
3252	68
3253	62
3254	58
3255	58
3256	58
3257	57
3258	55
3259	54
3260	54
3261	55
3262	55
3263	56
3264	57
3265	58
3266	58
3267	59
3268	59
3269	61
3270	60
3271	58
3272	57
3273	57
3274	59
3275	62
3276	65
3277	65
3278	66
3279	66
3280	67
3281	67
3282	66
3283	62
3284	57
3285	48
3286	38
3287	30
3288	26
3289	28
3290	32
3291	38
3292	40
3293	43
3294	47
3295	52
3296	60
3297	68
3298	76
3299	83
3300	85
3301	81
3302	76
3303	70
3304	65
3305	63
3306	63
3307	65
3308	66
3309	67
3310	68
3311	68
3312	68
3313	70
3314	73
3315	74
3316	75
3317	73
3318	74
3319	73
3320	71
3321	68
3322	64
3323	58
3324	54
3325	51
3326	50
3327	51
3328	54
3329	60
3330	65
3331	70
3332	74
3333	78
3334	79
3335	79
3336	77
3337	74
3338	71
3339	67
3340	61
3341	56
3342	51
3343	49
3344	47
3345	46
3346	47
3347	49
3348	51
3349	51
3350	49
3351	46
3352	44
3353	44
3354	47
3355	52
3356	57
3357	64
3358	68
3359	69
3360	66
3361	60
3362	54
3363	49
3364	48
3365	51
3366	58
3367	63
3368	66
3369	66
3370	65
3371	63
3372	61
3373	58
3374	55
3375	49
3376	46
3377	46
3378	48
3379	50
3380	56
3381	62
3382	65
3383	65
3384	60
3385	53
3386	50
3387	52
3388	56
3389	60
3390	63
3391	64
3392	63
3393	60
3394	57
3395	53
3396	51
3397	48
3398	46
3399	46
3400	45
3401	44
3402	43
3403	40
3404	37
3405	36
3406	39
3407	42
3408	46
3409	50
3410	54
3411	56
3412	57
3413	58
3414	57
3415	55
3416	54
3417	54
3418	52
3419	50
3420	49
3421	50
3422	54
3423	57
3424	58
3425	59
3426	60
3427	64
3428	68
3429	70
3430	72
3431	72
3432	70
3433	66
3434	61
3435	56
3436	50
3437	47
3438	47
3439	49
3440	51
3441	56
3442	61
3443	68
3444	73
3445	77
3446	80
3447	79
3448	79
3449	77
3450	74
3451	72
3452	68
3453	64
3454	60
3455	58
3456	58
3457	59
3458	60
3459	60
3460	60
3461	60
3462	62
3463	61
3464	59
3465	56
3466	51
3467	47
3468	46
3469	46
3470	49
3471	51
3472	51
3473	51
3474	49
3475	50
3476	51
3477	53
3478	54
3479	54
3480	55
3481	57
3482	58
3483	59
3484	61
3485	62
3486	64
3487	64
3488	63
3489	63
3490	64
3491	67
3492	70
3493	71
3494	69
3495	66
3496	64
3497	62
3498	63
3499	63
3500	64
3501	66
3502	66
3503	67
3504	66
3505	63
3506	62
3507	60
3508	58
3509	57
3510	56
3511	56
3512	52
3513	46
3514	42
3515	40
3516	41
3517	41
3518	41
3519	43
3520	46
3521	49
3522	52
3523	56
3524	61
3525	66
3526	70
3527	72
3528	69
3529	66
3530	60
3531	57
3532	54
3533	54
3534	56
3535	57
3536	56
3537	53
3538	48
3539	43
3540	41
3541	42
3542	44
3543	48
3544	51
3545	54
3546	55
3547	55
3548	54
3549	52
3550	51
3551	52
3552	53
3553	52
3554	52
3555	53
3556	53
3557	56
3558	60
3559	66
3560	71
3561	75
3562	74
3563	72
3564	68
3565	67
3566	67
3567	65
3568	62
3569	57
3570	53
3571	50
3572	52
3573	54
3574	58
3575	61
3576	65
3577	68
3578	67
3579	66
3580	63
3581	60
3582	57
3583	53
3584	50
3585	48
3586	49
3587	52
3588	54
3589	56
3590	56
3591	56
3592	56
3593	57
3594	57
3595	57
3596	56
3597	53
3598	50
3599	46
3600	43
3601	42
3602	44
3603	45
3604	47
3605	48
3606	49
3607	52
3608	56
3609	61
3610	67
3611	73
3612	76
3613	78
3614	78
3615	78
3616	80
3617	81
3618	81
3619	79
3620	76
3621	73
3622	72
3623	73
3624	75
3625	77
3626	78
3627	78
3628	78
3629	76
3630	74
3631	74
3632	73
3633	70
3634	67
3635	63
3636	61
3637	59
3638	58
3639	57
3640	54
3641	51
3642	49
3643	49
3644	49
3645	48
3646	46
3647	44
3648	41
3649	38
3650	37
3651	39
3652	41
3653	44
3654	44
3655	46
3656	47
3657	46
3658	46
3659	46
3660	47
3661	49
3662	50
3663	51
3664	53
3665	57
3666	62
3667	68
3668	72
3669	75
3670	74
3671	70
3672	67
3673	66
3674	66
3675	68
3676	68
3677	68
3678	67
3679	65
3680	62
3681	59
3682	58
3683	58
3684	59
3685	59
3686	57
3687	53
3688	50
3689	48
3690	47
3691	49
3692	51
3693	52
3694	52
3695	50
3696	49
3697	47
3698	45
3699	44
3700	43
3701	45
3702	48
3703	51
3704	52
3705	53
3706	54
3707	54
3708	52
3709	50
3710	50
3711	52
3712	53
3713	55
3714	56
3715	58
3716	60
3717	62
3718	66
3719	68
3720	68
3721	66
3722	63
3723	60
3724	58
3725	55
3726	53
3727	53
3728	52
3729	51
3730	50
3731	53
3732	57
3733	59
3734	60
3735	62
3736	63
3737	63
3738	62
3739	62
3740	61
3741	59
3742	55
3743	50
3744	48
3745	46
3746	45
3747	47
3748	50
3749	52
3750	55
3751	59
3752	64
3753	69
3754	71
3755	73
3756	76
3757	76
3758	75
3759	73
3760	70
3761	69
3762	67
3763	64
3764	62
3765	59
3766	56
3767	52
3768	48
3769	45
3770	43
3771	44
3772	46
3773	46
3774	44
3775	42
3776	40
3777	40
3778	40
3779	42
3780	47
3781	53
3782	58
3783	61
3784	63
3785	62
3786	60
3787	56
3788	52
3789	50
3790	52
3791	54
3792	57
3793	59
3794	62
3795	63
3796	63
3797	61
3798	60
3799	60
3800	60
3801	61
3802	63
3803	66
3804	70
3805	76
3806	80
3807	84
3808	85
3809	84
3810	78
3811	69
3812	61
3813	56
3814	54
3815	55
3816	58
3817	57
3818	56
3819	55
3820	56
3821	58
3822	61
3823	62
3824	60
3825	58
3826	56
3827	55
3828	56
3829	57
3830	57
3831	57
3832	58
3833	58
3834	57
3835	55
3836	52
3837	51
3838	51
3839	52
3840	53
3841	53
3842	53
3843	51
3844	48
3845	45
3846	43
3847	42
3848	41
3849	43
3850	47
3851	51
3852	54
3853	53
3854	53
3855	54
3856	57
3857	60
3858	62
3859	63
3860	61
3861	57
3862	54
3863	52
3864	49
3865	47
3866	45
3867	46
3868	49
3869	55
3870	61
3871	68
3872	72
3873	75
3874	74
3875	70
3876	66
3877	62
3878	59
3879	58
3880	59
3881	62
3882	63
3883	60
3884	55
3885	51
3886	48
3887	46
3888	49
3889	54
3890	60
3891	65
3892	67
3893	68
3894	68
3895	67
3896	66
3897	62
3898	58
3899	56
3900	56
3901	58
3902	64
3903	68
3904	73
3905	76
3906	77
3907	77
3908	75
3909	74
3910	71
3911	68
3912	64
3913	60
3914	56
3915	52
3916	50
3917	49
3918	47
3919	46
3920	47
3921	49
3922	53
3923	57
3924	61
3925	63
3926	63
3927	61
3928	58
3929	55
3930	54
3931	52
3932	53
3933	55
3934	57
3935	58
3936	60
3937	61
3938	62
3939	64
3940	66
3941	68
3942	69
3943	69
3944	68
3945	65
3946	61
3947	58
3948	56
3949	53
3950	48
3951	43
3952	38
3953	36
3954	37
3955	42
3956	51
3957	61
3958	69
3959	75
3960	78
3961	78
3962	77
3963	77
3964	78
3965	77
3966	74
3967	68
3968	59
3969	52
3970	48
3971	47
3972	50
3973	55
3974	61
3975	65
3976	68
3977	68
3978	69
3979	69
3980	69
3981	71
3982	72
3983	72
3984	68
3985	63
3986	57
3987	54
3988	55
3989	57
3990	58
3991	58
3992	58
3993	58
3994	57
3995	56
3996	55
3997	54
3998	54
3999	51
4000	46
4001	44
4002	43
4003	46
4004	52
4005	58
4006	62
4007	63
4008	62
4009	60
4010	56
4011	52
4012	50
4013	49
4014	49
4015	50
4016	53
4017	56
4018	58
4019	59
4020	59
4021	58
4022	56
4023	52
4024	48
4025	45
4026	46
4027	50
4028	55
4029	59
4030	63
4031	67
4032	70
4033	73
4034	72
4035	69
4036	65
4037	60
4038	56
4039	55
4040	55
4041	56
4042	57
4043	56
4044	55
4045	54
4046	56
4047	58
4048	58
4049	58
4050	54
4051	50
4052	42
4053	36
4054	33
4055	35
4056	40
4057	45
4058	48
4059	50
4060	53
4061	56
4062	58
4063	62
4064	66
4065	70
4066	70
4067	69
4068	66
4069	65
4070	66
4071	67
4072	69
4073	68
4074	64
4075	60
4076	58
4077	59
4078	62
4079	65
