
TIME STEP:
80 = 1ms

VOLTAGE STEP:
32 = 30mV

N	CH1

1	255
2	255
3	255
4	63
5	62
6	61
7	61
8	61
9	60
10	61
11	60
12	60
13	60
14	60
15	60
16	60
17	60
18	60
19	60
20	60
21	60
22	60
23	60
24	60
25	60
26	60
27	60
28	60
29	60
30	60
31	60
32	60
33	60
34	60
35	60
36	60
37	60
38	60
39	60
40	60
41	60
42	60
43	60
44	60
45	60
46	60
47	60
48	60
49	60
50	61
51	61
52	60
53	60
54	60
55	61
56	60
57	61
58	60
59	60
60	60
61	61
62	60
63	61
64	60
65	61
66	61
67	61
68	61
69	61
70	61
71	61
72	61
73	60
74	61
75	61
76	61
77	61
78	61
79	61
80	61
81	61
82	61
83	61
84	62
85	61
86	61
87	62
88	61
89	61
90	61
91	61
92	62
93	61
94	61
95	61
96	61
97	62
98	61
99	62
100	61
101	61
102	61
103	62
104	62
105	62
106	62
107	62
108	62
109	62
110	61
111	62
112	61
113	61
114	61
115	61
116	61
117	61
118	61
119	61
120	61
121	61
122	61
123	61
124	61
125	61
126	61
127	61
128	61
129	61
130	61
131	61
132	61
133	61
134	61
135	61
136	61
137	61
138	61
139	61
140	61
141	61
142	61
143	61
144	61
145	61
146	61
147	61
148	61
149	61
150	61
151	61
152	61
153	61
154	60
155	61
156	61
157	60
158	61
159	60
160	61
161	61
162	61
163	61
164	61
165	61
166	61
167	61
168	61
169	61
170	60
171	61
172	60
173	61
174	60
175	61
176	60
177	61
178	60
179	61
180	61
181	60
182	60
183	60
184	60
185	61
186	61
187	60
188	60
189	61
190	60
191	60
192	61
193	61
194	61
195	61
196	61
197	61
198	61
199	61
200	61
201	61
202	61
203	61
204	61
205	61
206	61
207	61
208	61
209	62
210	61
211	61
212	62
213	62
214	61
215	61
216	61
217	61
218	62
219	62
220	62
221	62
222	62
223	61
224	62
225	62
226	62
227	62
228	62
229	62
230	62
231	62
232	62
233	62
234	62
235	62
236	62
237	62
238	62
239	61
240	62
241	62
242	62
243	61
244	61
245	61
246	61
247	61
248	61
249	61
250	61
251	61
252	62
253	60
254	61
255	60
256	61
257	60
258	60
259	61
260	60
261	61
262	61
263	61
264	61
265	61
266	60
267	60
268	61
269	60
270	61
271	60
272	61
273	61
274	61
275	61
276	61
277	61
278	62
279	61
280	61
281	62
282	62
283	62
284	62
285	61
286	62
287	62
288	62
289	61
290	61
291	61
292	60
293	60
294	60
295	59
296	59
297	59
298	58
299	58
300	58
301	58
302	58
303	58
304	57
305	58
306	58
307	58
308	59
309	59
310	59
311	59
312	59
313	59
314	59
315	60
316	60
317	60
318	60
319	60
320	59
321	59
322	59
323	59
324	60
325	60
326	60
327	59
328	59
329	59
330	60
331	60
332	61
333	62
334	62
335	62
336	61
337	61
338	62
339	62
340	63
341	62
342	61
343	61
344	60
345	60
346	60
347	60
348	60
349	60
350	60
351	59
352	58
353	57
354	56
355	56
356	55
357	54
358	52
359	49
360	46
361	41
362	35
363	28
364	19
365	7
366	0
367	0
368	0
369	0
370	0
371	0
372	0
373	0
374	0
375	0
376	0
377	113
378	227
379	255
380	255
381	255
382	255
383	255
384	132
385	28
386	0
387	0
388	0
389	0
390	0
391	15
392	218
393	255
394	255
395	255
396	255
397	255
398	255
399	135
400	0
401	0
402	0
403	0
404	37
405	21
406	0
407	0
408	67
409	146
410	176
411	162
412	118
413	52
414	0
415	0
416	0
417	0
418	0
419	0
420	50
421	95
422	124
423	154
424	183
425	203
426	187
427	106
428	0
429	0
430	0
431	0
432	0
433	0
434	0
435	0
436	20
437	95
438	127
439	126
440	144
441	202
442	255
443	255
444	204
445	137
446	83
447	30
448	0
449	0
450	0
451	0
452	0
453	0
454	0
455	0
456	78
457	152
458	232
459	255
460	255
461	240
462	183
463	124
464	71
465	30
466	0
467	0
468	0
469	0
470	0
471	0
472	33
473	100
474	163
475	209
476	219
477	187
478	132
479	84
480	59
481	31
482	0
483	0
484	0
485	0
486	0
487	0
488	0
489	20
490	64
491	104
492	124
493	119
494	92
495	60
496	41
497	33
498	24
499	11
500	0
501	0
502	16
503	56
504	101
505	127
506	127
507	121
508	127
509	142
510	142
511	126
512	118
513	125
514	131
515	123
516	103
517	74
518	40
519	21
520	23
521	36
522	48
523	57
524	65
525	67
526	60
527	48
528	37
529	33
530	35
531	38
532	39
533	32
534	18
535	0
536	0
537	0
538	0
539	0
540	0
541	28
542	44
543	37
544	27
545	30
546	45
547	53
548	53
549	52
550	49
551	36
552	15
553	0
554	0
555	0
556	0
557	0
558	0
559	1
560	7
561	8
562	10
563	20
564	41
565	67
566	90
567	107
568	118
569	126
570	125
571	113
572	94
573	87
574	96
575	104
576	106
577	112
578	133
579	154
580	157
581	143
582	127
583	118
584	110
585	98
586	88
587	84
588	81
589	72
590	57
591	46
592	43
593	46
594	52
595	63
596	72
597	70
598	62
599	57
600	52
601	50
602	56
603	66
604	67
605	54
606	38
607	33
608	40
609	49
610	53
611	56
612	57
613	57
614	58
615	62
616	72
617	82
618	89
619	91
620	86
621	75
622	60
623	50
624	49
625	53
626	52
627	46
628	42
629	45
630	50
631	53
632	54
633	46
634	31
635	17
636	10
637	12
638	22
639	34
640	41
641	41
642	35
643	28
644	25
645	24
646	19
647	16
648	16
649	17
650	23
651	36
652	54
653	70
654	80
655	85
656	84
657	80
658	73
659	62
660	45
661	28
662	17
663	8
664	0
665	0
666	0
667	19
668	47
669	61
670	63
671	63
672	68
673	74
674	70
675	55
676	44
677	44
678	45
679	39
680	27
681	20
682	25
683	36
684	44
685	49
686	59
687	80
688	104
689	120
690	127
691	128
692	120
693	106
694	86
695	67
696	53
697	48
698	47
699	51
700	60
701	69
702	75
703	78
704	85
705	98
706	108
707	105
708	87
709	60
710	33
711	11
712	0
713	0
714	0
715	0
716	12
717	26
718	37
719	44
720	50
721	60
722	70
723	74
724	73
725	70
726	65
727	61
728	60
729	60
730	61
731	60
732	59
733	57
734	55
735	57
736	65
737	77
738	88
739	97
740	101
741	97
742	83
743	58
744	27
745	0
746	0
747	0
748	0
749	0
750	0
751	0
752	20
753	45
754	69
755	92
756	109
757	115
758	107
759	87
760	56
761	28
762	6
763	0
764	0
765	0
766	15
767	41
768	64
769	80
770	92
771	102
772	113
773	121
774	125
775	128
776	130
777	125
778	110
779	91
780	77
781	70
782	66
783	68
784	74
785	80
786	84
787	82
788	76
789	68
790	64
791	63
792	61
793	57
794	54
795	49
796	40
797	28
798	13
799	1
800	0
801	0
802	0
803	3
804	3
805	5
806	9
807	16
808	23
809	30
810	38
811	44
812	46
813	46
814	43
815	42
816	46
817	55
818	64
819	71
820	79
821	89
822	95
823	100
824	102
825	107
826	111
827	116
828	120
829	116
830	106
831	95
832	88
833	82
834	75
835	70
836	68
837	69
838	68
839	62
840	53
841	48
842	48
843	50
844	50
845	48
846	47
847	41
848	27
849	11
850	2
851	0
852	5
853	15
854	28
855	37
856	42
857	43
858	44
859	50
860	60
861	70
862	75
863	74
864	70
865	68
866	69
867	72
868	75
869	80
870	87
871	90
872	85
873	79
874	77
875	77
876	77
877	73
878	65
879	53
880	40
881	30
882	26
883	31
884	38
885	42
886	47
887	57
888	68
889	72
890	69
891	65
892	64
893	62
894	53
895	37
896	21
897	17
898	21
899	26
900	28
901	29
902	38
903	48
904	53
905	51
906	53
907	60
908	63
909	60
910	52
911	45
912	40
913	38
914	38
915	40
916	46
917	50
918	50
919	49
920	50
921	50
922	50
923	50
924	49
925	49
926	48
927	47
928	41
929	32
930	23
931	21
932	25
933	29
934	31
935	35
936	45
937	61
938	75
939	83
940	87
941	89
942	94
943	99
944	96
945	83
946	67
947	58
948	54
949	48
950	42
951	44
952	55
953	68
954	76
955	83
956	90
957	97
958	98
959	92
960	83
961	74
962	65
963	57
964	51
965	49
966	52
967	56
968	55
969	50
970	46
971	46
972	46
973	42
974	38
975	44
976	55
977	57
978	44
979	28
980	25
981	34
982	41
983	40
984	38
985	41
986	45
987	46
988	50
989	59
990	65
991	65
992	64
993	69
994	80
995	87
996	89
997	94
998	105
999	118
1000	122
1001	119
1002	111
1003	104
1004	101
1005	97
1006	80
1007	52
1008	29
1009	19
1010	20
1011	27
1012	37
1013	44
1014	53
1015	65
1016	74
1017	73
1018	68
1019	63
1020	60
1021	56
1022	47
1023	26
1024	0
1025	0
1026	0
1027	0
1028	0
1029	1
1030	25
1031	51
1032	74
1033	86
1034	90
1035	94
1036	98
1037	98
1038	92
1039	81
1040	72
1041	65
1042	57
1043	47
1044	41
1045	43
1046	56
1047	75
1048	92
1049	101
1050	104
1051	106
1052	105
1053	101
1054	94
1055	82
1056	67
1057	50
1058	37
1059	31
1060	29
1061	30
1062	29
1063	34
1064	41
1065	46
1066	45
1067	42
1068	42
1069	48
1070	51
1071	45
1072	36
1073	31
1074	35
1075	43
1076	50
1077	54
1078	55
1079	62
1080	73
1081	84
1082	88
1083	86
1084	81
1085	73
1086	64
1087	52
1088	39
1089	31
1090	32
1091	36
1092	38
1093	39
1094	45
1095	55
1096	67
1097	77
1098	80
1099	79
1100	78
1101	76
1102	69
1103	57
1104	44
1105	38
1106	38
1107	44
1108	49
1109	57
1110	63
1111	69
1112	73
1113	78
1114	82
1115	87
1116	87
1117	84
1118	79
1119	71
1120	62
1121	51
1122	43
1123	42
1124	49
1125	57
1126	64
1127	68
1128	72
1129	78
1130	84
1131	87
1132	85
1133	80
1134	69
1135	57
1136	43
1137	30
1138	19
1139	12
1140	10
1141	16
1142	24
1143	29
1144	29
1145	25
1146	21
1147	18
1148	17
1149	16
1150	18
1151	22
1152	26
1153	29
1154	32
1155	37
1156	42
1157	48
1158	58
1159	73
1160	89
1161	101
1162	107
1163	111
1164	112
1165	112
1166	108
1167	101
1168	97
1169	90
1170	78
1171	64
1172	55
1173	51
1174	53
1175	58
1176	66
1177	75
1178	84
1179	89
1180	88
1181	83
1182	78
1183	76
1184	75
1185	75
1186	71
1187	67
1188	67
1189	69
1190	73
1191	78
1192	78
1193	71
1194	63
1195	58
1196	55
1197	50
1198	46
1199	44
1200	46
1201	51
1202	58
1203	60
1204	56
1205	48
1206	38
1207	30
1208	26
1209	28
1210	36
1211	45
1212	52
1213	54
1214	56
1215	57
1216	54
1217	49
1218	51
1219	60
1220	67
1221	65
1222	54
1223	45
1224	42
1225	44
1226	50
1227	57
1228	65
1229	72
1230	79
1231	81
1232	72
1233	54
1234	36
1235	28
1236	30
1237	35
1238	40
1239	42
1240	47
1241	55
1242	59
1243	59
1244	56
1245	52
1246	50
1247	45
1248	39
1249	34
1250	32
1251	32
1252	36
1253	44
1254	53
1255	56
1256	51
1257	46
1258	46
1259	51
1260	57
1261	62
1262	66
1263	71
1264	77
1265	81
1266	75
1267	63
1268	54
1269	48
1270	47
1271	47
1272	51
1273	58
1274	66
1275	71
1276	70
1277	65
1278	57
1279	52
1280	49
1281	48
1282	45
1283	44
1284	49
1285	60
1286	72
1287	78
1288	77
1289	72
1290	68
1291	66
1292	64
1293	65
1294	72
1295	82
1296	91
1297	93
1298	86
1299	76
1300	69
1301	66
1302	64
1303	62
1304	62
1305	63
1306	60
1307	53
1308	44
1309	38
1310	37
1311	40
1312	44
1313	46
1314	47
1315	44
1316	37
1317	29
1318	22
1319	20
1320	24
1321	33
1322	42
1323	53
1324	64
1325	72
1326	74
1327	71
1328	62
1329	49
1330	34
1331	24
1332	18
1333	16
1334	17
1335	21
1336	32
1337	44
1338	53
1339	59
1340	64
1341	70
1342	78
1343	86
1344	87
1345	81
1346	72
1347	63
1348	54
1349	46
1350	44
1351	48
1352	53
1353	59
1354	64
1355	70
1356	75
1357	76
1358	76
1359	80
1360	88
1361	92
1362	88
1363	76
1364	61
1365	45
1366	32
1367	22
1368	13
1369	8
1370	11
1371	20
1372	28
1373	36
1374	44
1375	55
1376	66
1377	78
1378	86
1379	88
1380	85
1381	78
1382	70
1383	62
1384	55
1385	52
1386	53
1387	56
1388	56
1389	55
1390	54
1391	56
1392	59
1393	62
1394	63
1395	66
1396	66
1397	68
1398	68
1399	66
1400	61
1401	56
1402	54
1403	53
1404	52
1405	47
1406	44
1407	48
1408	55
1409	59
1410	59
1411	58
1412	60
1413	65
1414	69
1415	69
1416	67
1417	65
1418	67
1419	69
1420	66
1421	56
1422	44
1423	37
1424	36
1425	35
1426	36
1427	41
1428	50
1429	58
1430	59
1431	54
1432	51
1433	58
1434	69
1435	76
1436	76
1437	71
1438	62
1439	50
1440	37
1441	24
1442	15
1443	14
1444	24
1445	36
1446	44
1447	49
1448	52
1449	52
1450	49
1451	44
1452	40
1453	38
1454	45
1455	60
1456	77
1457	94
1458	105
1459	110
1460	104
1461	96
1462	86
1463	75
1464	65
1465	59
1466	55
1467	53
1468	54
1469	56
1470	56
1471	50
1472	38
1473	33
1474	39
1475	52
1476	64
1477	72
1478	73
1479	66
1480	56
1481	47
1482	43
1483	46
1484	58
1485	76
1486	93
1487	100
1488	94
1489	81
1490	67
1491	51
1492	36
1493	23
1494	15
1495	15
1496	23
1497	26
1498	22
1499	18
1500	24
1501	45
1502	78
1503	114
1504	143
1505	160
1506	167
1507	159
1508	136
1509	107
1510	83
1511	64
1512	46
1513	30
1514	24
1515	24
1516	24
1517	15
1518	5
1519	3
1520	11
1521	21
1522	27
1523	36
1524	48
1525	59
1526	58
1527	48
1528	39
1529	36
1530	35
1531	39
1532	47
1533	57
1534	65
1535	71
1536	70
1537	63
1538	52
1539	40
1540	28
1541	23
1542	29
1543	44
1544	63
1545	85
1546	104
1547	114
1548	112
1549	100
1550	86
1551	72
1552	61
1553	51
1554	41
1555	32
1556	21
1557	11
1558	8
1559	14
1560	30
1561	48
1562	62
1563	71
1564	76
1565	78
1566	75
1567	67
1568	58
1569	53
1570	55
1571	60
1572	66
1573	68
1574	66
1575	64
1576	66
1577	71
1578	75
1579	78
1580	78
1581	78
1582	76
1583	69
1584	58
1585	47
1586	39
1587	40
1588	50
1589	62
1590	71
1591	78
1592	84
1593	87
1594	87
1595	85
1596	81
1597	76
1598	67
1599	54
1600	41
1601	27
1602	18
1603	15
1604	20
1605	29
1606	39
1607	43
1608	46
1609	51
1610	60
1611	68
1612	71
1613	73
1614	77
1615	82
1616	82
1617	76
1618	68
1619	62
1620	58
1621	56
1622	56
1623	56
1624	56
1625	56
1626	55
1627	54
1628	53
1629	56
1630	60
1631	63
1632	66
1633	69
1634	69
1635	67
1636	62
1637	59
1638	58
1639	57
1640	52
1641	46
1642	40
1643	39
1644	39
1645	39
1646	38
1647	39
1648	42
1649	48
1650	54
1651	59
1652	59
1653	58
1654	55
1655	53
1656	52
1657	52
1658	52
1659	51
1660	49
1661	46
1662	44
1663	44
1664	45
1665	46
1666	48
1667	53
1668	61
1669	71
1670	80
1671	86
1672	88
1673	89
1674	86
1675	78
1676	68
1677	58
1678	50
1679	43
1680	38
1681	34
1682	30
1683	30
1684	37
1685	49
1686	63
1687	74
1688	76
1689	75
1690	73
1691	74
1692	75
1693	70
1694	62
1695	55
1696	50
1697	44
1698	36
1699	33
1700	34
1701	38
1702	40
1703	42
1704	48
1705	56
1706	62
1707	64
1708	62
1709	60
1710	58
1711	54
1712	50
1713	48
1714	47
1715	45
1716	45
1717	47
1718	53
1719	58
1720	62
1721	63
1722	64
1723	66
1724	69
1725	72
1726	74
1727	73
1728	69
1729	61
1730	50
1731	39
1732	32
1733	33
1734	40
1735	50
1736	60
1737	67
1738	73
1739	76
1740	79
1741	80
1742	82
1743	83
1744	82
1745	79
1746	74
1747	68
1748	61
1749	56
1750	51
1751	48
1752	49
1753	53
1754	58
1755	63
1756	63
1757	62
1758	58
1759	52
1760	47
1761	46
1762	48
1763	51
1764	52
1765	52
1766	51
1767	50
1768	52
1769	55
1770	58
1771	58
1772	57
1773	56
1774	57
1775	55
1776	54
1777	53
1778	54
1779	55
1780	57
1781	58
1782	58
1783	57
1784	56
1785	58
1786	61
1787	67
1788	71
1789	71
1790	68
1791	62
1792	57
1793	53
1794	52
1795	52
1796	53
1797	56
1798	60
1799	62
1800	61
1801	60
1802	62
1803	66
1804	69
1805	69
1806	65
1807	61
1808	56
1809	53
1810	50
1811	50
1812	50
1813	53
1814	54
1815	57
1816	61
1817	66
1818	71
1819	77
1820	82
1821	84
1822	82
1823	74
1824	64
1825	54
1826	46
1827	42
1828	40
1829	41
1830	42
1831	43
1832	44
1833	48
1834	52
1835	55
1836	57
1837	59
1838	60
1839	62
1840	61
1841	60
1842	56
1843	54
1844	51
1845	50
1846	50
1847	49
1848	47
1849	47
1850	48
1851	50
1852	53
1853	55
1854	58
1855	62
1856	66
1857	68
1858	70
1859	74
1860	79
1861	82
1862	82
1863	80
1864	77
1865	74
1866	74
1867	73
1868	73
1869	74
1870	76
1871	76
1872	75
1873	71
1874	64
1875	58
1876	54
1877	50
1878	47
1879	42
1880	39
1881	38
1882	40
1883	44
1884	47
1885	49
1886	51
1887	53
1888	53
1889	54
1890	52
1891	52
1892	54
1893	57
1894	60
1895	59
1896	53
1897	46
1898	38
1899	32
1900	30
1901	31
1902	34
1903	39
1904	46
1905	55
1906	61
1907	68
1908	74
1909	80
1910	84
1911	83
1912	77
1913	69
1914	61
1915	54
1916	51
1917	51
1918	54
1919	58
1920	63
1921	66
1922	69
1923	71
1924	69
1925	65
1926	63
1927	64
1928	65
1929	62
1930	56
1931	49
1932	46
1933	47
1934	51
1935	59
1936	68
1937	76
1938	80
1939	81
1940	78
1941	74
1942	69
1943	63
1944	60
1945	60
1946	59
1947	55
1948	50
1949	45
1950	44
1951	48
1952	55
1953	63
1954	72
1955	78
1956	79
1957	78
1958	75
1959	71
1960	68
1961	65
1962	63
1963	60
1964	57
1965	55
1966	50
1967	45
1968	40
1969	38
1970	40
1971	46
1972	48
1973	48
1974	48
1975	50
1976	52
1977	52
1978	53
1979	56
1980	58
1981	59
1982	56
1983	53
1984	52
1985	52
1986	56
1987	62
1988	69
1989	74
1990	78
1991	77
1992	77
1993	75
1994	74
1995	72
1996	72
1997	71
1998	68
1999	65
2000	62
2001	62
2002	64
2003	66
2004	68
2005	69
2006	68
2007	64
2008	60
2009	56
2010	49
2011	45
2012	43
2013	44
2014	47
2015	50
2016	53
2017	57
2018	61
2019	68
2020	73
2021	75
2022	75
2023	71
2024	67
2025	62
2026	56
2027	50
2028	46
2029	45
2030	46
2031	48
2032	51
2033	55
2034	58
2035	61
2036	62
2037	64
2038	64
2039	64
2040	61
2041	59
2042	57
2043	55
2044	55
2045	55
2046	57
2047	59
2048	61
2049	63
2050	63
2051	60
2052	55
2053	50
2054	49
2055	50
2056	51
2057	52
2058	52
2059	56
2060	60
2061	63
2062	65
2063	66
2064	67
2065	67
2066	64
2067	60
2068	55
2069	53
2070	53
2071	56
2072	58
2073	60
2074	62
2075	63
2076	62
2077	60
2078	61
2079	60
2080	59
2081	55
2082	49
2083	42
2084	37
2085	34
2086	34
2087	38
2088	43
2089	48
2090	52
2091	57
2092	62
2093	65
2094	64
2095	58
2096	53
2097	51
2098	51
2099	50
2100	48
2101	47
2102	50
2103	55
2104	58
2105	61
2106	66
2107	71
2108	75
2109	76
2110	73
2111	70
2112	70
2113	71
2114	72
2115	72
2116	71
2117	70
2118	69
2119	68
2120	66
2121	65
2122	65
2123	67
2124	67
2125	64
2126	60
2127	57
2128	56
2129	54
2130	53
2131	54
2132	56
2133	58
2134	58
2135	56
2136	55
2137	57
2138	61
2139	66
2140	68
2141	68
2142	70
2143	72
2144	72
2145	69
2146	68
2147	70
2148	72
2149	73
2150	70
2151	66
2152	61
2153	56
2154	52
2155	51
2156	54
2157	59
2158	62
2159	62
2160	62
2161	61
2162	59
2163	56
2164	54
2165	54
2166	54
2167	53
2168	52
2169	51
2170	50
2171	48
2172	45
2173	43
2174	44
2175	43
2176	41
2177	36
2178	35
2179	36
2180	40
2181	44
2182	48
2183	56
2184	62
2185	68
2186	71
2187	72
2188	74
2189	75
2190	74
2191	73
2192	74
2193	76
2194	77
2195	78
2196	77
2197	73
2198	67
2199	60
2200	54
2201	50
2202	49
2203	45
2204	42
2205	39
2206	39
2207	40
2208	43
2209	48
2210	54
2211	60
2212	64
2213	67
2214	70
2215	71
2216	72
2217	73
2218	73
2219	74
2220	74
2221	75
2222	76
2223	75
2224	71
2225	65
2226	59
2227	55
2228	53
2229	54
2230	57
2231	62
2232	68
2233	69
2234	69
2235	70
2236	73
2237	77
2238	80
2239	83
2240	85
2241	83
2242	76
2243	69
2244	62
2245	55
2246	49
2247	47
2248	48
2249	49
2250	49
2251	47
2252	48
2253	49
2254	49
2255	49
2256	50
2257	50
2258	53
2259	54
2260	53
2261	53
2262	52
2263	50
2264	47
2265	46
2266	47
2267	50
2268	52
2269	56
2270	59
2271	62
2272	62
2273	61
2274	60
2275	55
2276	50
2277	44
2278	38
2279	35
2280	35
2281	37
2282	42
2283	50
2284	57
2285	62
2286	64
2287	66
2288	68
2289	69
2290	70
2291	69
2292	68
2293	66
2294	66
2295	66
2296	65
2297	60
2298	54
2299	49
2300	45
2301	43
2302	43
2303	46
2304	49
2305	54
2306	57
2307	59
2308	61
2309	63
2310	66
2311	70
2312	73
2313	74
2314	72
2315	70
2316	66
2317	65
2318	64
2319	62
2320	58
2321	53
2322	50
2323	51
2324	53
2325	55
2326	58
2327	62
2328	68
2329	74
2330	75
2331	75
2332	71
2333	64
2334	55
2335	46
2336	39
2337	37
2338	38
2339	41
2340	45
2341	50
2342	55
2343	61
2344	66
2345	71
2346	75
2347	75
2348	71
2349	64
2350	59
2351	58
2352	59
2353	62
2354	64
2355	66
2356	69
2357	71
2358	73
2359	75
2360	73
2361	68
2362	60
2363	50
2364	43
2365	39
2366	36
2367	38
2368	41
2369	44
2370	46
2371	50
2372	56
2373	64
2374	72
2375	77
2376	81
2377	80
2378	79
2379	76
2380	74
2381	73
2382	72
2383	68
2384	65
2385	61
2386	59
2387	55
2388	52
2389	49
2390	47
2391	46
2392	45
2393	48
2394	51
2395	54
2396	55
2397	54
2398	52
2399	55
2400	60
2401	63
2402	62
2403	63
2404	65
2405	68
2406	69
2407	70
2408	72
2409	72
2410	70
2411	66
2412	62
2413	58
2414	54
2415	51
2416	45
2417	41
2418	36
2419	31
2420	28
2421	29
2422	34
2423	42
2424	49
2425	56
2426	60
2427	64
2428	66
2429	66
2430	65
2431	64
2432	64
2433	66
2434	68
2435	71
2436	72
2437	74
2438	78
2439	82
2440	84
2441	85
2442	85
2443	87
2444	85
2445	77
2446	67
2447	60
2448	59
2449	59
2450	57
2451	51
2452	46
2453	44
2454	45
2455	47
2456	50
2457	54
2458	60
2459	62
2460	61
2461	58
2462	54
2463	50
2464	49
2465	51
2466	54
2467	52
2468	49
2469	44
2470	44
2471	49
2472	55
2473	60
2474	65
2475	73
2476	79
2477	80
2478	75
2479	71
2480	67
2481	64
2482	62
2483	62
2484	62
2485	60
2486	55
2487	49
2488	45
2489	45
2490	48
2491	54
2492	59
2493	63
2494	64
2495	63
2496	57
2497	50
2498	46
2499	45
2500	46
2501	46
2502	45
2503	43
2504	41
2505	38
2506	39
2507	43
2508	48
2509	54
2510	59
2511	62
2512	63
2513	64
2514	64
2515	65
2516	68
2517	70
2518	70
2519	65
2520	57
2521	49
2522	45
2523	45
2524	48
2525	53
2526	57
2527	60
2528	64
2529	67
2530	67
2531	69
2532	70
2533	71
2534	70
2535	69
2536	67
2537	64
2538	63
2539	61
2540	60
2541	59
2542	59
2543	60
2544	62
2545	63
2546	62
2547	63
2548	62
2549	62
2550	60
2551	60
2552	61
2553	62
2554	62
2555	61
2556	59
2557	59
2558	60
2559	60
2560	60
2561	58
2562	57
2563	58
2564	60
2565	61
2566	63
2567	65
2568	68
2569	69
2570	67
2571	63
2572	59
2573	58
2574	57
2575	57
2576	57
2577	60
2578	62
2579	63
2580	64
2581	65
2582	65
2583	66
2584	66
2585	64
2586	61
2587	58
2588	56
2589	53
2590	50
2591	46
2592	43
2593	43
2594	45
2595	45
2596	42
2597	40
2598	44
2599	50
2600	58
2601	62
2602	67
2603	70
2604	71
2605	70
2606	67
2607	65
2608	62
2609	59
2610	56
2611	54
2612	53
2613	52
2614	50
2615	49
2616	48
2617	48
2618	51
2619	55
2620	60
2621	64
2622	69
2623	72
2624	73
2625	71
2626	68
2627	66
2628	66
2629	66
2630	66
2631	66
2632	66
2633	66
2634	66
2635	64
2636	60
2637	57
2638	55
2639	52
2640	49
2641	48
2642	50
2643	53
2644	56
2645	60
2646	64
2647	68
2648	71
2649	73
2650	75
2651	77
2652	76
2653	71
2654	65
2655	60
2656	56
2657	50
2658	45
2659	42
2660	45
2661	52
2662	58
2663	62
2664	63
2665	64
2666	62
2667	57
2668	51
2669	45
2670	43
2671	44
2672	48
2673	50
2674	52
2675	54
2676	58
2677	63
2678	66
2679	67
2680	66
2681	64
2682	62
2683	59
2684	56
2685	54
2686	52
2687	52
2688	52
2689	52
2690	52
2691	54
2692	57
2693	60
2694	64
2695	68
2696	73
2697	75
2698	74
2699	70
2700	67
2701	63
2702	58
2703	54
2704	50
2705	49
2706	48
2707	47
2708	47
2709	50
2710	56
2711	60
2712	64
2713	67
2714	69
2715	70
2716	70
2717	70
2718	70
2719	69
2720	68
2721	66
2722	64
2723	62
2724	60
2725	59
2726	59
2727	58
2728	59
2729	61
2730	62
2731	64
2732	64
2733	65
2734	66
2735	66
2736	66
2737	64
2738	62
2739	61
2740	60
2741	58
2742	56
2743	51
2744	47
2745	44
2746	44
2747	43
2748	43
2749	44
2750	48
2751	53
2752	57
2753	58
2754	57
2755	54
2756	52
2757	49
2758	49
2759	50
2760	54
2761	56
2762	55
2763	54
2764	54
2765	58
2766	63
2767	67
2768	70
2769	72
2770	73
2771	73
2772	72
2773	72
2774	73
2775	74
2776	73
2777	72
2778	71
2779	71
2780	71
2781	71
2782	71
2783	71
2784	72
2785	72
2786	71
2787	67
2788	64
2789	62
2790	58
2791	51
2792	45
2793	42
2794	42
2795	45
2796	48
2797	48
2798	48
2799	46
2800	42
2801	40
2802	39
2803	40
2804	43
2805	49
2806	58
2807	66
2808	73
2809	78
2810	83
2811	86
2812	84
2813	75
2814	65
2815	58
2816	53
2817	52
2818	50
2819	52
2820	56
2821	64
2822	69
2823	74
2824	76
2825	79
2826	82
2827	80
2828	75
2829	69
2830	62
2831	57
2832	51
2833	49
2834	48
2835	46
2836	43
2837	39
2838	37
2839	37
2840	38
2841	41
2842	44
2843	45
2844	45
2845	46
2846	50
2847	56
2848	62
2849	66
2850	68
2851	72
2852	76
2853	79
2854	79
2855	78
2856	75
2857	73
2858	69
2859	65
2860	63
2861	64
2862	65
2863	64
2864	62
2865	59
2866	58
2867	58
2868	58
2869	57
2870	58
2871	60
2872	62
2873	64
2874	64
2875	62
2876	60
2877	55
2878	48
2879	40
2880	32
2881	26
2882	24
2883	26
2884	28
2885	31
2886	34
2887	39
2888	44
2889	51
2890	56
2891	61
2892	66
2893	70
2894	74
2895	75
2896	76
2897	75
2898	73
2899	69
2900	65
2901	62
2902	58
2903	52
2904	48
2905	47
2906	54
2907	66
2908	77
2909	84
2910	85
2911	82
2912	78
2913	72
2914	66
2915	61
2916	58
2917	57
2918	54
2919	49
2920	42
2921	36
2922	36
2923	40
2924	46
2925	54
2926	60
2927	62
2928	60
2929	55
2930	48
2931	42
2932	40
2933	42
2934	46
2935	49
2936	50
2937	50
2938	50
2939	52
2940	55
2941	59
2942	64
2943	68
2944	71
2945	71
2946	69
2947	66
2948	64
2949	62
2950	60
2951	58
2952	57
2953	56
2954	56
2955	55
2956	57
2957	60
2958	63
2959	65
2960	66
2961	66
2962	66
2963	69
2964	74
2965	78
2966	80
2967	81
2968	78
2969	74
2970	66
2971	60
2972	54
2973	50
2974	47
2975	44
2976	42
2977	41
2978	40
2979	40
2980	42
2981	47
2982	54
2983	59
2984	62
2985	62
2986	57
2987	52
2988	47
2989	46
2990	49
2991	54
2992	61
2993	66
2994	68
2995	70
2996	70
2997	70
2998	70
2999	72
3000	76
3001	81
3002	84
3003	86
3004	85
3005	81
3006	77
3007	72
3008	68
3009	66
3010	66
3011	65
3012	62
3013	60
3014	58
3015	57
3016	56
3017	56
3018	55
3019	54
3020	54
3021	54
3022	56
3023	58
3024	60
3025	61
3026	58
3027	52
3028	48
3029	45
3030	47
3031	49
3032	51
3033	54
3034	58
3035	61
3036	64
3037	67
3038	68
3039	68
3040	68
3041	69
3042	70
3043	70
3044	70
3045	69
3046	67
3047	65
3048	62
3049	59
3050	59
3051	60
3052	62
3053	62
3054	62
3055	63
3056	64
3057	65
3058	66
3059	67
3060	66
3061	62
3062	57
3063	52
3064	48
3065	45
3066	43
3067	43
3068	45
3069	47
3070	47
3071	45
3072	46
3073	50
3074	56
3075	61
3076	65
3077	67
3078	70
3079	72
3080	73
3081	71
3082	66
3083	61
3084	58
3085	57
3086	57
3087	57
3088	56
3089	56
3090	57
3091	61
3092	64
3093	65
3094	62
3095	60
3096	61
3097	65
3098	70
3099	74
3100	75
3101	73
3102	68
3103	62
3104	57
3105	54
3106	53
3107	53
3108	53
3109	55
3110	56
3111	55
3112	53
3113	51
3114	51
3115	52
3116	56
3117	62
3118	70
3119	76
3120	84
3121	86
3122	84
3123	77
3124	68
3125	57
3126	49
3127	42
3128	39
3129	38
3130	40
3131	41
3132	43
3133	46
3134	49
3135	50
3136	49
3137	49
3138	49
3139	50
3140	50
3141	49
3142	50
3143	54
3144	57
3145	59
3146	59
3147	58
3148	55
3149	52
3150	52
3151	55
3152	62
3153	70
3154	74
3155	76
3156	75
3157	72
3158	68
3159	64
3160	62
3161	62
3162	60
3163	58
3164	55
3165	53
3166	51
3167	51
3168	51
3169	53
3170	55
3171	56
3172	57
3173	59
3174	62
3175	66
3176	70
3177	73
3178	76
3179	78
3180	77
3181	75
3182	70
3183	66
3184	63
3185	64
3186	68
3187	74
3188	79
3189	82
3190	84
3191	86
3192	86
3193	84
3194	81
3195	78
3196	78
3197	76
3198	71
3199	63
3200	53
3201	45
3202	45
3203	50
3204	58
3205	66
3206	75
3207	82
3208	86
3209	83
3210	76
3211	67
3212	59
3213	52
3214	46
3215	41
3216	36
3217	31
3218	31
3219	33
3220	38
3221	44
3222	48
3223	52
3224	54
3225	58
3226	60
3227	62
3228	64
3229	65
3230	64
3231	58
3232	49
3233	40
3234	35
3235	36
3236	42
3237	50
3238	60
3239	69
3240	75
3241	74
3242	69
3243	60
3244	52
3245	48
3246	46
3247	49
3248	51
3249	53
3250	54
3251	54
3252	58
3253	65
3254	70
3255	70
3256	67
3257	64
3258	61
3259	57
3260	51
3261	47
3262	46
3263	46
3264	45
3265	42
3266	37
3267	33
3268	32
3269	37
3270	43
3271	48
3272	51
3273	54
3274	58
3275	61
3276	61
3277	60
3278	57
3279	57
3280	56
3281	56
3282	56
3283	58
3284	63
3285	68
3286	72
3287	77
3288	84
3289	90
3290	94
3291	96
3292	95
3293	91
3294	84
3295	75
3296	67
3297	62
3298	59
3299	56
3300	55
3301	57
3302	64
3303	70
3304	73
3305	72
3306	71
3307	70
3308	68
3309	65
3310	60
3311	57
3312	56
3313	55
3314	52
3315	48
3316	45
3317	44
3318	45
3319	47
3320	47
3321	46
3322	47
3323	53
3324	60
3325	69
3326	77
3327	84
3328	84
3329	78
3330	71
3331	61
3332	50
3333	42
3334	36
3335	36
3336	40
3337	46
3338	53
3339	58
3340	61
3341	64
3342	69
3343	72
3344	74
3345	73
3346	72
3347	67
3348	60
3349	52
3350	46
3351	43
3352	44
3353	50
3354	56
3355	62
3356	67
3357	70
3358	70
3359	68
3360	64
3361	61
3362	61
3363	64
3364	67
3365	68
3366	69
3367	70
3368	71
3369	70
3370	67
3371	63
3372	59
3373	58
3374	54
3375	52
3376	52
3377	56
3378	61
3379	65
3380	68
3381	71
3382	74
3383	76
3384	75
3385	74
3386	73
3387	70
3388	66
3389	64
3390	62
3391	63
3392	64
3393	63
3394	60
3395	58
3396	55
3397	53
3398	50
3399	44
3400	38
3401	34
3402	35
3403	43
3404	53
3405	61
3406	66
3407	69
3408	71
3409	71
3410	68
3411	66
3412	66
3413	67
3414	66
3415	63
3416	59
3417	57
3418	56
3419	55
3420	52
3421	51
3422	51
3423	51
3424	52
3425	53
3426	54
3427	56
3428	58
3429	58
3430	58
3431	58
3432	57
3433	55
3434	54
3435	54
3436	56
3437	60
3438	63
3439	66
3440	66
3441	63
3442	63
3443	62
3444	62
3445	62
3446	59
3447	56
3448	52
3449	48
3450	43
3451	38
3452	35
3453	34
3454	35
3455	38
3456	44
3457	49
3458	54
3459	57
3460	59
3461	62
3462	65
3463	69
3464	72
3465	73
3466	69
3467	65
3468	59
3469	58
3470	59
3471	63
3472	68
3473	70
3474	71
3475	72
3476	73
3477	75
3478	76
3479	77
3480	80
3481	81
3482	80
3483	77
3484	70
3485	63
3486	56
3487	50
3488	48
3489	49
3490	51
3491	54
3492	56
3493	57
3494	58
3495	57
3496	57
3497	58
3498	59
3499	60
3500	59
3501	56
3502	52
3503	46
3504	42
3505	42
3506	43
3507	48
3508	52
3509	54
3510	56
3511	61
3512	66
3513	68
3514	68
3515	68
3516	70
3517	70
3518	69
3519	68
3520	69
3521	72
3522	74
3523	72
3524	67
3525	62
3526	61
3527	60
3528	60
3529	59
3530	58
3531	57
3532	55
3533	53
3534	52
3535	53
3536	50
3537	46
3538	43
3539	40
3540	40
3541	39
3542	39
3543	39
3544	42
3545	45
3546	51
3547	56
3548	60
3549	61
3550	59
3551	56
3552	53
3553	50
3554	48
3555	48
3556	52
3557	57
3558	61
3559	64
3560	65
3561	67
3562	69
3563	70
3564	71
3565	72
3566	70
3567	69
3568	66
3569	64
3570	63
3571	63
3572	61
3573	58
3574	56
3575	56
3576	58
3577	62
3578	67
3579	72
3580	75
3581	77
3582	77
3583	76
3584	75
3585	75
3586	75
3587	75
3588	72
3589	68
3590	63
3591	59
3592	57
3593	57
3594	59
3595	62
3596	63
3597	62
3598	59
3599	57
3600	54
3601	52
3602	50
3603	50
3604	50
3605	51
3606	52
3607	52
3608	52
3609	53
3610	55
3611	57
3612	58
3613	56
3614	56
3615	54
3616	51
3617	49
3618	48
3619	50
3620	54
3621	58
3622	61
3623	62
3624	61
3625	59
3626	57
3627	53
3628	49
3629	48
3630	50
3631	52
3632	54
3633	56
3634	60
3635	65
3636	68
3637	69
3638	67
3639	65
3640	63
3641	62
3642	62
3643	61
3644	63
3645	65
3646	65
3647	64
3648	62
3649	59
3650	58
3651	59
3652	60
3653	62
3654	64
3655	64
3656	64
3657	65
3658	66
3659	67
3660	67
3661	68
3662	69
3663	69
3664	67
3665	63
3666	59
3667	55
3668	52
3669	51
3670	50
3671	52
3672	53
3673	52
3674	50
3675	51
3676	55
3677	59
3678	62
3679	63
3680	62
3681	56
3682	48
3683	42
3684	39
3685	40
3686	43
3687	48
3688	53
3689	56
3690	57
3691	57
3692	54
3693	50
3694	49
3695	50
3696	50
3697	53
3698	58
3699	63
3700	68
3701	70
3702	70
3703	68
3704	64
3705	62
3706	59
3707	58
3708	60
3709	63
3710	66
3711	69
3712	73
3713	76
3714	78
3715	78
3716	76
3717	72
3718	68
3719	67
3720	67
3721	65
3722	63
3723	59
3724	55
3725	54
3726	55
3727	57
3728	60
3729	62
3730	63
3731	63
3732	60
3733	58
3734	56
3735	55
3736	55
3737	54
3738	54
3739	53
3740	53
3741	54
3742	55
3743	56
3744	58
3745	57
3746	55
3747	54
3748	55
3749	58
3750	62
3751	64
3752	65
3753	66
3754	65
3755	61
3756	56
3757	54
3758	56
3759	57
3760	57
3761	56
3762	56
3763	55
3764	54
3765	53
3766	52
3767	53
3768	55
3769	55
3770	54
3771	52
3772	51
3773	54
3774	56
3775	57
3776	55
3777	53
3778	52
3779	52
3780	52
3781	54
3782	55
3783	56
3784	57
3785	57
3786	58
3787	60
3788	65
3789	70
3790	73
3791	74
3792	76
3793	76
3794	73
3795	71
3796	71
3797	74
3798	76
3799	78
3800	78
3801	74
3802	71
3803	69
3804	65
3805	61
3806	59
3807	58
3808	58
3809	59
3810	59
3811	57
3812	56
3813	55
3814	56
3815	57
3816	58
3817	57
3818	58
3819	60
3820	60
3821	61
3822	61
3823	61
3824	58
3825	57
3826	57
3827	57
3828	56
3829	56
3830	56
3831	59
3832	59
3833	60
3834	60
3835	63
3836	65
3837	66
3838	67
3839	67
3840	69
3841	69
3842	69
3843	67
3844	65
3845	65
3846	65
3847	64
3848	62
3849	58
3850	53
3851	50
3852	50
3853	54
3854	57
3855	62
3856	67
3857	71
3858	72
3859	70
3860	65
3861	60
3862	57
3863	56
3864	54
3865	51
3866	46
3867	43
3868	40
3869	37
3870	35
3871	34
3872	37
3873	41
3874	48
3875	55
3876	62
3877	66
3878	67
3879	64
3880	60
3881	56
3882	55
3883	56
3884	57
3885	58
3886	59
3887	62
3888	65
3889	65
3890	65
3891	64
3892	64
3893	63
3894	64
3895	64
3896	64
3897	64
3898	62
3899	58
3900	54
3901	53
3902	54
3903	58
3904	62
3905	68
3906	73
3907	75
3908	74
3909	71
3910	67
3911	65
3912	65
3913	63
3914	60
3915	57
3916	54
3917	53
3918	54
3919	57
3920	63
3921	68
3922	70
3923	69
3924	68
3925	68
3926	69
3927	68
3928	63
3929	56
3930	50
3931	47
3932	48
3933	48
3934	50
3935	55
3936	61
3937	67
3938	71
3939	73
3940	75
3941	75
3942	74
3943	70
3944	64
3945	60
3946	59
3947	59
3948	60
3949	59
3950	59
3951	58
3952	57
3953	56
3954	56
3955	56
3956	56
3957	58
3958	61
3959	63
3960	66
3961	69
3962	71
3963	72
3964	70
3965	69
3966	68
3967	67
3968	63
3969	56
3970	50
3971	44
3972	42
3973	41
3974	41
3975	42
3976	44
3977	49
3978	55
3979	60
3980	63
3981	63
3982	63
3983	62
3984	61
3985	61
3986	63
3987	64
3988	64
3989	64
3990	61
3991	60
3992	60
3993	60
3994	63
3995	66
3996	68
3997	67
3998	66
3999	65
4000	64
4001	65
4002	68
4003	72
4004	77
4005	82
4006	84
4007	82
4008	78
4009	73
4010	68
4011	63
4012	58
4013	54
4014	51
4015	48
4016	44
4017	44
4018	46
4019	51
4020	56
4021	58
4022	59
4023	58
4024	56
4025	55
4026	53
4027	54
4028	54
4029	53
4030	54
4031	55
4032	56
4033	58
4034	60
4035	60
4036	60
4037	60
4038	58
4039	56
4040	55
4041	54
4042	53
4043	54
4044	54
4045	56
4046	58
4047	61
4048	64
4049	65
4050	66
4051	64
4052	61
4053	58
4054	57
4055	58
4056	61
4057	63
4058	64
4059	62
4060	61
4061	62
4062	65
4063	68
4064	68
4065	64
4066	60
4067	58
4068	56
4069	54
4070	53
4071	54
4072	56
4073	60
4074	62
4075	63
4076	64
4077	65
4078	66
4079	67
