
TIME STEP:
80 = 1ms

VOLTAGE STEP:
32 = 30mV

N	CH1

1	255
2	255
3	255
4	62
5	60
6	60
7	60
8	60
9	60
10	60
11	60
12	60
13	60
14	60
15	60
16	60
17	60
18	60
19	60
20	60
21	60
22	60
23	59
24	60
25	60
26	60
27	60
28	60
29	60
30	59
31	60
32	60
33	59
34	60
35	60
36	60
37	60
38	60
39	60
40	60
41	60
42	60
43	60
44	60
45	60
46	60
47	60
48	60
49	60
50	60
51	60
52	59
53	60
54	60
55	60
56	60
57	60
58	60
59	60
60	60
61	60
62	60
63	60
64	60
65	60
66	60
67	60
68	60
69	60
70	60
71	60
72	60
73	60
74	60
75	60
76	60
77	60
78	60
79	60
80	60
81	59
82	60
83	59
84	60
85	60
86	60
87	60
88	59
89	60
90	60
91	60
92	60
93	60
94	59
95	60
96	60
97	59
98	60
99	60
100	60
101	60
102	60
103	60
104	60
105	60
106	60
107	60
108	59
109	60
110	58
111	60
112	60
113	59
114	60
115	60
116	60
117	60
118	60
119	60
120	60
121	59
122	60
123	60
124	60
125	60
126	60
127	60
128	60
129	60
130	60
131	60
132	60
133	60
134	60
135	60
136	60
137	60
138	60
139	60
140	60
141	60
142	60
143	60
144	60
145	60
146	60
147	60
148	60
149	60
150	60
151	60
152	60
153	60
154	60
155	60
156	60
157	60
158	60
159	59
160	60
161	60
162	60
163	60
164	60
165	60
166	60
167	60
168	60
169	60
170	60
171	60
172	60
173	60
174	60
175	60
176	60
177	60
178	60
179	60
180	60
181	60
182	60
183	60
184	60
185	60
186	60
187	60
188	60
189	60
190	60
191	59
192	60
193	59
194	59
195	59
196	59
197	60
198	59
199	60
200	59
201	59
202	59
203	59
204	59
205	60
206	60
207	60
208	59
209	60
210	59
211	59
212	59
213	59
214	59
215	59
216	60
217	59
218	59
219	59
220	60
221	59
222	59
223	59
224	59
225	59
226	59
227	59
228	59
229	59
230	59
231	59
232	59
233	59
234	59
235	59
236	59
237	59
238	58
239	59
240	59
241	59
242	59
243	58
244	59
245	59
246	59
247	59
248	58
249	59
250	58
251	59
252	58
253	58
254	59
255	58
256	59
257	58
258	59
259	59
260	58
261	58
262	58
263	58
264	59
265	59
266	59
267	58
268	59
269	59
270	59
271	59
272	59
273	58
274	59
275	59
276	59
277	59
278	58
279	59
280	59
281	59
282	58
283	59
284	58
285	58
286	59
287	58
288	59
289	58
290	58
291	58
292	58
293	58
294	59
295	59
296	59
297	59
298	59
299	59
300	59
301	60
302	59
303	59
304	59
305	59
306	60
307	59
308	60
309	59
310	59
311	59
312	59
313	60
314	59
315	59
316	60
317	59
318	59
319	59
320	60
321	59
322	59
323	59
324	59
325	59
326	60
327	59
328	59
329	60
330	60
331	60
332	60
333	60
334	60
335	60
336	60
337	60
338	60
339	59
340	60
341	60
342	59
343	60
344	59
345	60
346	59
347	60
348	60
349	59
350	60
351	60
352	59
353	59
354	59
355	59
356	59
357	59
358	59
359	59
360	59
361	59
362	59
363	60
364	60
365	60
366	60
367	60
368	61
369	62
370	61
371	62
372	62
373	62
374	62
375	62
376	62
377	61
378	61
379	61
380	61
381	60
382	60
383	61
384	60
385	60
386	60
387	60
388	60
389	60
390	61
391	60
392	60
393	59
394	60
395	59
396	60
397	60
398	60
399	60
400	60
401	60
402	60
403	60
404	60
405	60
406	60
407	60
408	60
409	59
410	58
411	59
412	58
413	58
414	58
415	58
416	57
417	57
418	57
419	56
420	57
421	57
422	58
423	57
424	58
425	58
426	57
427	58
428	58
429	59
430	60
431	60
432	60
433	60
434	59
435	60
436	60
437	60
438	61
439	61
440	60
441	60
442	60
443	61
444	61
445	62
446	62
447	61
448	62
449	61
450	60
451	61
452	61
453	60
454	60
455	60
456	60
457	59
458	59
459	58
460	58
461	58
462	57
463	57
464	57
465	56
466	55
467	56
468	55
469	55
470	55
471	54
472	54
473	54
474	52
475	51
476	50
477	47
478	45
479	41
480	35
481	27
482	15
483	0
484	0
485	0
486	0
487	0
488	0
489	0
490	0
491	0
492	0
493	45
494	179
495	255
496	255
497	255
498	255
499	255
500	193
501	44
502	0
503	0
504	0
505	0
506	0
507	0
508	72
509	255
510	255
511	255
512	255
513	255
514	255
515	156
516	50
517	0
518	0
519	0
520	0
521	0
522	0
523	16
524	109
525	197
526	248
527	253
528	217
529	152
530	68
531	0
532	0
533	0
534	0
535	0
536	0
537	0
538	0
539	54
540	99
541	136
542	176
543	191
544	166
545	118
546	50
547	0
548	0
549	0
550	0
551	0
552	0
553	0
554	36
555	99
556	167
557	235
558	255
559	255
560	212
561	97
562	0
563	0
564	0
565	0
566	0
567	0
568	0
569	0
570	0
571	88
572	200
573	255
574	255
575	255
576	255
577	255
578	216
579	174
580	119
581	70
582	37
583	2
584	0
585	0
586	16
587	80
588	147
589	198
590	210
591	180
592	128
593	78
594	46
595	32
596	33
597	33
598	6
599	0
600	0
601	0
602	0
603	0
604	0
605	0
606	0
607	0
608	0
609	0
610	0
611	22
612	58
613	83
614	82
615	48
616	5
617	0
618	5
619	26
620	27
621	20
622	24
623	45
624	83
625	124
626	159
627	174
628	169
629	146
630	111
631	80
632	51
633	22
634	4
635	4
636	16
637	25
638	36
639	59
640	92
641	116
642	122
643	114
644	103
645	91
646	69
647	31
648	0
649	0
650	0
651	0
652	0
653	3
654	46
655	93
656	139
657	172
658	183
659	182
660	180
661	176
662	158
663	121
664	79
665	45
666	24
667	14
668	23
669	48
670	79
671	105
672	120
673	121
674	120
675	125
676	134
677	141
678	152
679	158
680	157
681	156
682	152
683	136
684	112
685	88
686	54
687	15
688	0
689	0
690	0
691	7
692	18
693	24
694	30
695	44
696	58
697	67
698	68
699	60
700	47
701	36
702	26
703	10
704	5
705	16
706	29
707	25
708	6
709	0
710	0
711	0
712	0
713	0
714	0
715	0
716	0
717	0
718	0
719	16
720	40
721	48
722	50
723	63
724	86
725	94
726	82
727	64
728	55
729	56
730	57
731	47
732	36
733	37
734	50
735	60
736	59
737	50
738	43
739	51
740	80
741	103
742	106
743	98
744	91
745	82
746	67
747	56
748	48
749	32
750	16
751	13
752	29
753	49
754	70
755	101
756	142
757	170
758	171
759	150
760	120
761	91
762	60
763	27
764	6
765	14
766	32
767	31
768	15
769	12
770	36
771	63
772	77
773	82
774	88
775	82
776	56
777	30
778	23
779	25
780	23
781	23
782	24
783	12
784	0
785	0
786	0
787	0
788	0
789	11
790	21
791	30
792	37
793	30
794	18
795	23
796	44
797	56
798	52
799	40
800	30
801	23
802	23
803	30
804	42
805	53
806	60
807	60
808	51
809	34
810	28
811	35
812	43
813	42
814	42
815	49
816	58
817	64
818	68
819	70
820	72
821	65
822	51
823	45
824	52
825	60
826	56
827	54
828	70
829	95
830	111
831	118
832	131
833	147
834	153
835	150
836	150
837	152
838	156
839	161
840	151
841	115
842	72
843	54
844	54
845	49
846	41
847	50
848	83
849	119
850	133
851	129
852	118
853	111
854	97
855	65
856	18
857	0
858	0
859	0
860	0
861	0
862	0
863	0
864	11
865	21
866	16
867	0
868	0
869	0
870	0
871	12
872	32
873	49
874	63
875	72
876	73
877	67
878	64
879	64
880	67
881	66
882	66
883	66
884	57
885	35
886	18
887	31
888	71
889	108
890	128
891	139
892	147
893	149
894	147
895	142
896	131
897	116
898	103
899	87
900	57
901	21
902	0
903	0
904	0
905	3
906	10
907	18
908	30
909	38
910	34
911	27
912	26
913	23
914	6
915	0
916	0
917	0
918	0
919	0
920	0
921	0
922	0
923	0
924	0
925	14
926	36
927	50
928	57
929	59
930	58
931	57
932	61
933	71
934	80
935	83
936	83
937	87
938	101
939	115
940	120
941	117
942	117
943	118
944	113
945	105
946	99
947	96
948	95
949	91
950	80
951	63
952	46
953	35
954	29
955	25
956	21
957	19
958	24
959	37
960	47
961	54
962	62
963	72
964	76
965	74
966	72
967	73
968	72
969	70
970	69
971	67
972	64
973	57
974	51
975	46
976	47
977	57
978	70
979	80
980	83
981	83
982	84
983	84
984	81
985	73
986	64
987	61
988	64
989	66
990	65
991	67
992	72
993	74
994	72
995	68
996	66
997	67
998	69
999	68
1000	62
1001	55
1002	52
1003	50
1004	48
1005	43
1006	38
1007	33
1008	33
1009	40
1010	46
1011	46
1012	44
1013	48
1014	59
1015	70
1016	72
1017	65
1018	54
1019	45
1020	45
1021	50
1022	52
1023	57
1024	69
1025	84
1026	91
1027	92
1028	92
1029	87
1030	74
1031	57
1032	45
1033	41
1034	39
1035	35
1036	29
1037	27
1038	31
1039	35
1040	35
1041	33
1042	38
1043	50
1044	57
1045	57
1046	51
1047	44
1048	37
1049	31
1050	25
1051	23
1052	26
1053	32
1054	32
1055	27
1056	19
1057	14
1058	11
1059	16
1060	25
1061	36
1062	42
1063	41
1064	32
1065	19
1066	13
1067	20
1068	33
1069	41
1070	41
1071	41
1072	42
1073	40
1074	33
1075	32
1076	44
1077	63
1078	70
1079	62
1080	50
1081	45
1082	48
1083	52
1084	55
1085	59
1086	64
1087	66
1088	64
1089	60
1090	62
1091	73
1092	86
1093	94
1094	98
1095	107
1096	118
1097	124
1098	118
1099	105
1100	89
1101	80
1102	78
1103	78
1104	74
1105	66
1106	60
1107	64
1108	66
1109	61
1110	50
1111	47
1112	52
1113	54
1114	51
1115	45
1116	44
1117	47
1118	45
1119	38
1120	29
1121	25
1122	23
1123	21
1124	18
1125	18
1126	20
1127	27
1128	34
1129	39
1130	46
1131	53
1132	55
1133	50
1134	44
1135	42
1136	44
1137	41
1138	36
1139	33
1140	35
1141	39
1142	42
1143	47
1144	57
1145	70
1146	84
1147	95
1148	103
1149	109
1150	116
1151	121
1152	119
1153	110
1154	98
1155	84
1156	73
1157	66
1158	59
1159	53
1160	48
1161	49
1162	51
1163	50
1164	48
1165	50
1166	56
1167	62
1168	60
1169	51
1170	41
1171	37
1172	37
1173	35
1174	33
1175	37
1176	46
1177	52
1178	52
1179	51
1180	54
1181	63
1182	72
1183	78
1184	79
1185	79
1186	74
1187	62
1188	46
1189	32
1190	23
1191	14
1192	1
1193	0
1194	0
1195	0
1196	0
1197	0
1198	0
1199	13
1200	45
1201	65
1202	82
1203	101
1204	117
1205	117
1206	104
1207	97
1208	98
1209	97
1210	89
1211	82
1212	87
1213	99
1214	102
1215	91
1216	77
1217	76
1218	85
1219	85
1220	69
1221	49
1222	37
1223	34
1224	38
1225	44
1226	44
1227	34
1228	23
1229	18
1230	17
1231	17
1232	24
1233	41
1234	71
1235	109
1236	136
1237	142
1238	131
1239	121
1240	114
1241	99
1242	77
1243	59
1244	51
1245	46
1246	41
1247	34
1248	24
1249	17
1250	18
1251	21
1252	18
1253	8
1254	0
1255	0
1256	0
1257	6
1258	26
1259	48
1260	66
1261	77
1262	82
1263	81
1264	76
1265	68
1266	64
1267	63
1268	59
1269	52
1270	43
1271	36
1272	28
1273	16
1274	0
1275	0
1276	0
1277	0
1278	0
1279	15
1280	46
1281	69
1282	90
1283	114
1284	136
1285	148
1286	147
1287	133
1288	120
1289	115
1290	109
1291	89
1292	68
1293	58
1294	57
1295	53
1296	44
1297	29
1298	15
1299	8
1300	10
1301	15
1302	18
1303	25
1304	41
1305	65
1306	88
1307	102
1308	104
1309	102
1310	103
1311	106
1312	105
1313	102
1314	106
1315	114
1316	114
1317	101
1318	80
1319	59
1320	42
1321	22
1322	0
1323	0
1324	0
1325	0
1326	0
1327	0
1328	0
1329	0
1330	11
1331	28
1332	43
1333	54
1334	66
1335	72
1336	65
1337	49
1338	34
1339	23
1340	21
1341	27
1342	37
1343	46
1344	55
1345	67
1346	76
1347	77
1348	74
1349	67
1350	57
1351	45
1352	36
1353	32
1354	35
1355	45
1356	57
1357	63
1358	61
1359	55
1360	50
1361	50
1362	52
1363	47
1364	39
1365	35
1366	42
1367	54
1368	68
1369	81
1370	88
1371	87
1372	82
1373	82
1374	92
1375	104
1376	115
1377	115
1378	100
1379	73
1380	48
1381	29
1382	10
1383	0
1384	0
1385	0
1386	0
1387	6
1388	5
1389	0
1390	0
1391	0
1392	0
1393	5
1394	22
1395	51
1396	81
1397	102
1398	115
1399	120
1400	123
1401	128
1402	132
1403	128
1404	114
1405	93
1406	71
1407	57
1408	55
1409	55
1410	59
1411	68
1412	77
1413	78
1414	76
1415	74
1416	73
1417	77
1418	80
1419	75
1420	58
1421	36
1422	14
1423	4
1424	5
1425	10
1426	17
1427	30
1428	44
1429	50
1430	52
1431	61
1432	72
1433	79
1434	75
1435	71
1436	70
1437	69
1438	59
1439	37
1440	16
1441	6
1442	4
1443	6
1444	9
1445	15
1446	28
1447	44
1448	62
1449	75
1450	85
1451	93
1452	99
1453	97
1454	86
1455	74
1456	72
1457	74
1458	76
1459	69
1460	59
1461	50
1462	47
1463	46
1464	44
1465	42
1466	45
1467	48
1468	53
1469	62
1470	73
1471	77
1472	68
1473	57
1474	52
1475	56
1476	66
1477	80
1478	90
1479	90
1480	79
1481	64
1482	51
1483	40
1484	33
1485	31
1486	36
1487	46
1488	53
1489	51
1490	47
1491	44
1492	45
1493	45
1494	48
1495	57
1496	67
1497	69
1498	64
1499	59
1500	55
1501	53
1502	54
1503	54
1504	52
1505	45
1506	36
1507	29
1508	27
1509	27
1510	28
1511	29
1512	34
1513	42
1514	52
1515	60
1516	65
1517	72
1518	79
1519	86
1520	87
1521	84
1522	77
1523	69
1524	62
1525	56
1526	52
1527	50
1528	53
1529	58
1530	65
1531	67
1532	65
1533	63
1534	60
1535	53
1536	41
1537	26
1538	13
1539	5
1540	6
1541	14
1542	30
1543	54
1544	79
1545	98
1546	108
1547	112
1548	109
1549	102
1550	94
1551	85
1552	74
1553	62
1554	50
1555	36
1556	24
1557	19
1558	22
1559	29
1560	37
1561	44
1562	50
1563	54
1564	58
1565	62
1566	68
1567	76
1568	82
1569	84
1570	82
1571	73
1572	55
1573	33
1574	16
1575	7
1576	7
1577	10
1578	17
1579	28
1580	41
1581	49
1582	49
1583	43
1584	36
1585	30
1586	28
1587	31
1588	39
1589	49
1590	57
1591	65
1592	73
1593	82
1594	92
1595	104
1596	117
1597	123
1598	121
1599	112
1600	98
1601	80
1602	61
1603	47
1604	39
1605	37
1606	38
1607	41
1608	46
1609	55
1610	65
1611	72
1612	76
1613	78
1614	81
1615	81
1616	74
1617	64
1618	54
1619	46
1620	38
1621	31
1622	29
1623	34
1624	42
1625	44
1626	39
1627	29
1628	20
1629	16
1630	21
1631	28
1632	36
1633	44
1634	55
1635	63
1636	69
1637	72
1638	74
1639	75
1640	77
1641	79
1642	81
1643	84
1644	88
1645	88
1646	79
1647	63
1648	49
1649	39
1650	33
1651	26
1652	22
1653	22
1654	25
1655	30
1656	35
1657	40
1658	46
1659	52
1660	58
1661	63
1662	66
1663	69
1664	69
1665	62
1666	56
1667	52
1668	47
1669	43
1670	42
1671	45
1672	49
1673	49
1674	47
1675	46
1676	52
1677	60
1678	66
1679	71
1680	77
1681	85
1682	89
1683	92
1684	93
1685	93
1686	89
1687	82
1688	72
1689	61
1690	55
1691	55
1692	57
1693	57
1694	51
1695	41
1696	35
1697	38
1698	42
1699	43
1700	43
1701	43
1702	43
1703	39
1704	34
1705	28
1706	27
1707	32
1708	41
1709	51
1710	66
1711	78
1712	83
1713	80
1714	73
1715	67
1716	60
1717	52
1718	43
1719	40
1720	40
1721	41
1722	42
1723	46
1724	55
1725	66
1726	76
1727	83
1728	86
1729	89
1730	95
1731	99
1732	99
1733	96
1734	93
1735	90
1736	85
1737	80
1738	74
1739	67
1740	60
1741	53
1742	48
1743	47
1744	50
1745	52
1746	53
1747	51
1748	49
1749	49
1750	54
1751	61
1752	69
1753	74
1754	73
1755	67
1756	55
1757	46
1758	44
1759	48
1760	52
1761	51
1762	47
1763	43
1764	39
1765	38
1766	37
1767	36
1768	35
1769	34
1770	36
1771	39
1772	40
1773	42
1774	45
1775	51
1776	56
1777	61
1778	64
1779	66
1780	72
1781	79
1782	82
1783	76
1784	66
1785	60
1786	58
1787	56
1788	54
1789	52
1790	53
1791	54
1792	52
1793	50
1794	51
1795	54
1796	57
1797	60
1798	62
1799	66
1800	70
1801	70
1802	68
1803	67
1804	66
1805	63
1806	57
1807	48
1808	42
1809	40
1810	40
1811	42
1812	46
1813	50
1814	52
1815	50
1816	47
1817	45
1818	46
1819	45
1820	46
1821	47
1822	48
1823	48
1824	49
1825	52
1826	57
1827	59
1828	57
1829	56
1830	57
1831	60
1832	60
1833	57
1834	56
1835	58
1836	60
1837	56
1838	50
1839	47
1840	52
1841	60
1842	62
1843	60
1844	59
1845	61
1846	62
1847	59
1848	54
1849	50
1850	50
1851	50
1852	56
1853	62
1854	68
1855	71
1856	76
1857	80
1858	81
1859	81
1860	80
1861	79
1862	75
1863	68
1864	59
1865	50
1866	38
1867	30
1868	28
1869	35
1870	44
1871	52
1872	55
1873	56
1874	55
1875	53
1876	51
1877	48
1878	43
1879	37
1880	31
1881	28
1882	29
1883	33
1884	38
1885	46
1886	54
1887	61
1888	68
1889	69
1890	67
1891	62
1892	54
1893	49
1894	46
1895	45
1896	45
1897	51
1898	62
1899	77
1900	90
1901	98
1902	102
1903	103
1904	102
1905	99
1906	94
1907	87
1908	81
1909	76
1910	71
1911	66
1912	61
1913	59
1914	60
1915	63
1916	66
1917	68
1918	71
1919	78
1920	81
1921	78
1922	71
1923	65
1924	60
1925	57
1926	55
1927	54
1928	54
1929	55
1930	56
1931	56
1932	54
1933	54
1934	54
1935	51
1936	47
1937	46
1938	47
1939	47
1940	44
1941	38
1942	35
1943	35
1944	36
1945	36
1946	39
1947	43
1948	48
1949	52
1950	53
1951	52
1952	51
1953	50
1954	46
1955	43
1956	41
1957	39
1958	38
1959	36
1960	36
1961	39
1962	43
1963	47
1964	50
1965	51
1966	53
1967	59
1968	66
1969	70
1970	71
1971	70
1972	69
1973	68
1974	66
1975	61
1976	56
1977	51
1978	50
1979	50
1980	49
1981	48
1982	48
1983	52
1984	57
1985	64
1986	69
1987	73
1988	75
1989	75
1990	73
1991	68
1992	63
1993	60
1994	62
1995	65
1996	68
1997	69
1998	68
1999	66
2000	64
2001	60
2002	55
2003	52
2004	52
2005	52
2006	48
2007	43
2008	41
2009	40
2010	42
2011	43
2012	46
2013	50
2014	54
2015	57
2016	60
2017	64
2018	66
2019	65
2020	64
2021	64
2022	62
2023	59
2024	56
2025	53
2026	52
2027	52
2028	50
2029	49
2030	50
2031	54
2032	57
2033	60
2034	64
2035	69
2036	76
2037	80
2038	83
2039	84
2040	83
2041	80
2042	75
2043	69
2044	67
2045	68
2046	69
2047	65
2048	60
2049	56
2050	52
2051	48
2052	44
2053	42
2054	43
2055	46
2056	50
2057	55
2058	60
2059	66
2060	71
2061	73
2062	71
2063	64
2064	57
2065	54
2066	52
2067	50
2068	48
2069	45
2070	43
2071	41
2072	41
2073	42
2074	46
2075	51
2076	55
2077	61
2078	68
2079	76
2080	78
2081	79
2082	78
2083	81
2084	84
2085	83
2086	78
2087	69
2088	61
2089	54
2090	47
2091	43
2092	44
2093	46
2094	48
2095	51
2096	54
2097	56
2098	58
2099	58
2100	58
2101	60
2102	59
2103	54
2104	50
2105	47
2106	46
2107	46
2108	47
2109	49
2110	52
2111	53
2112	55
2113	58
2114	60
2115	61
2116	62
2117	62
2118	64
2119	66
2120	67
2121	66
2122	66
2123	69
2124	74
2125	78
2126	81
2127	81
2128	78
2129	73
2130	66
2131	58
2132	53
2133	50
2134	48
2135	48
2136	51
2137	54
2138	56
2139	59
2140	62
2141	62
2142	58
2143	53
2144	48
2145	45
2146	44
2147	45
2148	47
2149	47
2150	45
2151	43
2152	42
2153	44
2154	44
2155	42
2156	42
2157	44
2158	47
2159	49
2160	50
2161	52
2162	55
2163	54
2164	48
2165	42
2166	39
2167	38
2168	36
2169	30
2170	24
2171	24
2172	29
2173	34
2174	38
2175	42
2176	48
2177	52
2178	56
2179	59
2180	61
2181	64
2182	66
2183	69
2184	70
2185	73
2186	78
2187	84
2188	88
2189	89
2190	88
2191	89
2192	90
2193	92
2194	92
2195	88
2196	81
2197	70
2198	58
2199	49
2200	44
2201	40
2202	35
2203	33
2204	36
2205	42
2206	44
2207	41
2208	36
2209	35
2210	37
2211	39
2212	42
2213	47
2214	55
2215	61
2216	64
2217	65
2218	68
2219	72
2220	76
2221	80
2222	83
2223	81
2224	73
2225	63
2226	55
2227	50
2228	46
2229	42
2230	37
2231	36
2232	37
2233	42
2234	47
2235	51
2236	54
2237	60
2238	68
2239	77
2240	82
2241	85
2242	88
2243	88
2244	87
2245	84
2246	80
2247	78
2248	75
2249	70
2250	61
2251	53
2252	48
2253	46
2254	46
2255	45
2256	44
2257	43
2258	41
2259	40
2260	38
2261	38
2262	41
2263	46
2264	51
2265	55
2266	58
2267	60
2268	62
2269	62
2270	59
2271	54
2272	47
2273	41
2274	39
2275	41
2276	46
2277	54
2278	58
2279	58
2280	54
2281	50
2282	51
2283	55
2284	60
2285	64
2286	65
2287	67
2288	67
2289	65
2290	63
2291	62
2292	59
2293	56
2294	54
2295	52
2296	52
2297	51
2298	51
2299	54
2300	59
2301	62
2302	61
2303	56
2304	51
2305	47
2306	47
2307	49
2308	56
2309	66
2310	72
2311	74
2312	76
2313	78
2314	78
2315	74
2316	64
2317	53
2318	48
2319	49
2320	50
2321	48
2322	45
2323	46
2324	49
2325	50
2326	47
2327	42
2328	37
2329	34
2330	31
2331	30
2332	32
2333	38
2334	45
2335	51
2336	56
2337	60
2338	63
2339	64
2340	66
2341	68
2342	71
2343	71
2344	66
2345	60
2346	61
2347	66
2348	72
2349	75
2350	74
2351	72
2352	69
2353	65
2354	59
2355	52
2356	48
2357	47
2358	47
2359	49
2360	53
2361	58
2362	62
2363	64
2364	66
2365	65
2366	63
2367	60
2368	58
2369	61
2370	69
2371	77
2372	84
2373	87
2374	87
2375	82
2376	75
2377	65
2378	54
2379	46
2380	42
2381	41
2382	40
2383	38
2384	35
2385	32
2386	33
2387	38
2388	46
2389	55
2390	60
2391	59
2392	53
2393	48
2394	48
2395	50
2396	53
2397	56
2398	60
2399	66
2400	73
2401	80
2402	88
2403	92
2404	96
2405	97
2406	95
2407	90
2408	84
2409	78
2410	77
2411	80
2412	78
2413	68
2414	56
2415	50
2416	48
2417	45
2418	38
2419	32
2420	28
2421	26
2422	27
2423	32
2424	38
2425	46
2426	55
2427	61
2428	62
2429	60
2430	59
2431	58
2432	52
2433	45
2434	44
2435	47
2436	49
2437	48
2438	46
2439	45
2440	46
2441	46
2442	47
2443	47
2444	45
2445	42
2446	39
2447	39
2448	48
2449	59
2450	68
2451	74
2452	78
2453	77
2454	72
2455	67
2456	67
2457	71
2458	73
2459	75
2460	77
2461	79
2462	78
2463	73
2464	68
2465	63
2466	60
2467	55
2468	47
2469	42
2470	42
2471	47
2472	53
2473	59
2474	62
2475	65
2476	67
2477	69
2478	67
2479	61
2480	56
2481	56
2482	59
2483	61
2484	63
2485	66
2486	70
2487	74
2488	73
2489	71
2490	67
2491	63
2492	56
2493	49
2494	42
2495	36
2496	28
2497	22
2498	20
2499	23
2500	30
2501	33
2502	31
2503	27
2504	28
2505	33
2506	41
2507	48
2508	50
2509	52
2510	54
2511	56
2512	60
2513	64
2514	69
2515	70
2516	69
2517	68
2518	70
2519	71
2520	70
2521	66
2522	61
2523	60
2524	65
2525	74
2526	81
2527	86
2528	89
2529	88
2530	83
2531	76
2532	69
2533	63
2534	56
2535	52
2536	49
2537	51
2538	56
2539	64
2540	72
2541	78
2542	80
2543	80
2544	78
2545	74
2546	68
2547	61
2548	57
2549	54
2550	51
2551	51
2552	50
2553	48
2554	46
2555	43
2556	39
2557	36
2558	38
2559	42
2560	41
2561	39
2562	39
2563	41
2564	41
2565	39
2566	38
2567	41
2568	47
2569	52
2570	55
2571	57
2572	57
2573	59
2574	62
2575	66
2576	68
2577	68
2578	68
2579	67
2580	69
2581	76
2582	83
2583	89
2584	92
2585	93
2586	92
2587	86
2588	79
2589	72
2590	68
2591	65
2592	67
2593	70
2594	72
2595	73
2596	72
2597	71
2598	72
2599	72
2600	67
2601	59
2602	52
2603	45
2604	39
2605	37
2606	39
2607	48
2608	56
2609	59
2610	58
2611	56
2612	53
2613	47
2614	41
2615	36
2616	34
2617	34
2618	33
2619	31
2620	34
2621	41
2622	50
2623	57
2624	61
2625	67
2626	73
2627	78
2628	81
2629	84
2630	85
2631	82
2632	78
2633	75
2634	72
2635	68
2636	62
2637	56
2638	50
2639	48
2640	49
2641	51
2642	53
2643	55
2644	55
2645	53
2646	53
2647	55
2648	58
2649	59
2650	60
2651	61
2652	61
2653	61
2654	58
2655	54
2656	51
2657	51
2658	52
2659	52
2660	53
2661	56
2662	60
2663	61
2664	58
2665	54
2666	51
2667	53
2668	58
2669	62
2670	65
2671	65
2672	64
2673	63
2674	64
2675	64
2676	63
2677	59
2678	56
2679	54
2680	52
2681	51
2682	51
2683	53
2684	56
2685	59
2686	59
2687	57
2688	53
2689	51
2690	50
2691	52
2692	57
2693	65
2694	70
2695	72
2696	69
2697	63
2698	58
2699	54
2700	51
2701	49
2702	47
2703	45
2704	44
2705	45
2706	49
2707	56
2708	64
2709	72
2710	79
2711	82
2712	82
2713	82
2714	80
2715	77
2716	69
2717	58
2718	50
2719	44
2720	41
2721	42
2722	46
2723	50
2724	57
2725	65
2726	75
2727	87
2728	96
2729	98
2730	94
2731	90
2732	89
2733	88
2734	83
2735	74
2736	68
2737	61
2738	51
2739	38
2740	28
2741	26
2742	25
2743	25
2744	28
2745	35
2746	42
2747	49
2748	55
2749	61
2750	65
2751	66
2752	64
2753	64
2754	63
2755	58
2756	49
2757	41
2758	40
2759	46
2760	53
2761	60
2762	69
2763	74
2764	75
2765	74
2766	75
2767	76
2768	76
2769	75
2770	74
2771	75
2772	75
2773	72
2774	70
2775	71
2776	74
2777	77
2778	75
2779	70
2780	66
2781	59
2782	54
2783	51
2784	51
2785	51
2786	49
2787	43
2788	39
2789	38
2790	38
2791	39
2792	42
2793	47
2794	49
2795	48
2796	44
2797	44
2798	50
2799	57
2800	59
2801	60
2802	63
2803	71
2804	80
2805	86
2806	89
2807	87
2808	79
2809	64
2810	49
2811	37
2812	29
2813	24
2814	23
2815	27
2816	32
2817	37
2818	42
2819	50
2820	58
2821	64
2822	63
2823	58
2824	52
2825	49
2826	49
2827	50
2828	50
2829	49
2830	50
2831	52
2832	55
2833	57
2834	57
2835	56
2836	55
2837	54
2838	54
2839	53
2840	53
2841	54
2842	56
2843	57
2844	57
2845	58
2846	60
2847	62
2848	65
2849	68
2850	70
2851	69
2852	66
2853	62
2854	61
2855	60
2856	58
2857	56
2858	56
2859	58
2860	61
2861	63
2862	68
2863	72
2864	72
2865	65
2866	56
2867	51
2868	49
2869	49
2870	52
2871	57
2872	64
2873	69
2874	72
2875	71
2876	70
2877	68
2878	63
2879	57
2880	52
2881	48
2882	43
2883	39
2884	39
2885	43
2886	47
2887	51
2888	55
2889	60
2890	63
2891	60
2892	55
2893	48
2894	44
2895	43
2896	46
2897	52
2898	56
2899	60
2900	64
2901	69
2902	76
2903	81
2904	80
2905	74
2906	64
2907	56
2908	53
2909	54
2910	58
2911	63
2912	71
2913	78
2914	85
2915	91
2916	93
2917	91
2918	86
2919	78
2920	69
2921	63
2922	58
2923	50
2924	45
2925	43
2926	46
2927	51
2928	55
2929	57
2930	61
2931	66
2932	72
2933	76
2934	78
2935	77
2936	71
2937	64
2938	54
2939	46
2940	40
2941	40
2942	41
2943	42
2944	44
2945	48
2946	52
2947	54
2948	55
2949	55
2950	56
2951	56
2952	55
2953	57
2954	60
2955	65
2956	68
2957	69
2958	68
2959	66
2960	65
2961	64
2962	64
2963	64
2964	66
2965	70
2966	73
2967	72
2968	67
2969	64
2970	63
2971	62
2972	63
2973	66
2974	72
2975	74
2976	72
2977	67
2978	64
2979	63
2980	60
2981	56
2982	50
2983	48
2984	48
2985	47
2986	47
2987	49
2988	54
2989	60
2990	63
2991	68
2992	72
2993	72
2994	65
2995	56
2996	51
2997	51
2998	52
2999	53
3000	54
3001	56
3002	57
3003	57
3004	56
3005	56
3006	55
3007	53
3008	51
3009	50
3010	48
3011	45
3012	44
3013	48
3014	53
3015	57
3016	59
3017	60
3018	59
3019	54
3020	48
3021	44
3022	45
3023	47
3024	51
3025	54
3026	58
3027	61
3028	64
3029	64
3030	64
3031	62
3032	60
3033	58
3034	55
3035	55
3036	60
3037	68
3038	74
3039	78
3040	78
3041	75
3042	70
3043	63
3044	54
3045	48
3046	45
3047	44
3048	40
3049	35
3050	34
3051	39
3052	48
3053	55
3054	59
3055	59
3056	59
3057	60
3058	56
3059	51
3060	52
3061	58
3062	60
3063	53
3064	40
3065	26
3066	19
3067	26
3068	42
3069	54
3070	57
3071	54
3072	58
3073	68
3074	78
3075	78
3076	72
3077	70
3078	77
3079	85
3080	87
3081	85
3082	84
3083	81
3084	75
3085	69
3086	68
3087	68
3088	65
3089	59
3090	56
3091	57
3092	61
3093	67
3094	74
3095	77
3096	81
3097	84
3098	82
3099	74
3100	70
3101	74
3102	79
3103	80
3104	76
3105	70
3106	60
3107	53
3108	46
3109	40
3110	34
3111	30
3112	29
3113	31
3114	36
3115	42
3116	45
3117	46
3118	50
3119	58
3120	66
3121	69
3122	65
3123	61
3124	58
3125	55
3126	50
3127	45
3128	46
3129	50
3130	51
3131	51
3132	53
3133	58
3134	61
3135	60
3136	59
3137	56
3138	50
3139	46
3140	46
3141	49
3142	49
3143	43
3144	39
3145	42
3146	48
3147	55
3148	60
3149	67
3150	77
3151	84
3152	84
3153	78
3154	68
3155	57
3156	47
3157	42
3158	41
3159	42
3160	40
3161	39
3162	40
3163	43
3164	46
3165	47
3166	48
3167	50
3168	56
3169	65
3170	72
3171	75
3172	76
3173	74
3174	71
3175	67
3176	63
3177	63
3178	68
3179	76
3180	82
3181	82
3182	76
3183	66
3184	55
3185	45
3186	39
3187	38
3188	40
3189	42
3190	44
3191	48
3192	50
3193	52
3194	54
3195	58
3196	62
3197	64
3198	64
3199	61
3200	57
3201	55
3202	52
3203	47
3204	41
3205	36
3206	35
3207	36
3208	38
3209	41
3210	44
3211	50
3212	56
3213	62
3214	68
3215	75
3216	82
3217	85
3218	87
3219	88
3220	90
3221	92
3222	93
3223	94
3224	95
3225	93
3226	87
3227	79
3228	74
3229	70
3230	68
3231	64
3232	59
3233	54
3234	49
3235	44
3236	40
3237	39
3238	41
3239	43
3240	43
3241	42
3242	41
3243	40
3244	41
3245	42
3246	45
3247	48
3248	49
3249	48
3250	43
3251	37
3252	32
3253	31
3254	34
3255	39
3256	44
3257	48
3258	50
3259	53
3260	58
3261	63
3262	66
3263	70
3264	73
3265	75
3266	76
3267	77
3268	79
3269	83
3270	86
3271	84
3272	80
3273	77
3274	75
3275	73
3276	68
3277	61
3278	55
3279	50
3280	46
3281	41
3282	38
3283	38
3284	39
3285	40
3286	45
3287	52
3288	58
3289	62
3290	66
3291	68
3292	68
3293	66
3294	64
3295	64
3296	67
3297	72
3298	74
3299	73
3300	70
3301	67
3302	63
3303	60
3304	58
3305	57
3306	56
3307	57
3308	59
3309	62
3310	65
3311	66
3312	67
3313	70
3314	76
3315	81
3316	81
3317	76
3318	71
3319	70
3320	74
3321	78
3322	78
3323	75
3324	72
3325	70
3326	65
3327	60
3328	53
3329	49
3330	47
3331	47
3332	47
3333	44
3334	44
3335	46
3336	48
3337	47
3338	46
3339	44
3340	46
3341	52
3342	59
3343	67
3344	71
3345	71
3346	68
3347	62
3348	55
3349	46
3350	40
3351	38
3352	40
3353	45
3354	51
3355	58
3356	62
3357	63
3358	60
3359	54
3360	46
3361	35
3362	27
3363	24
3364	26
3365	33
3366	39
3367	43
3368	48
3369	53
3370	56
3371	55
3372	50
3373	44
3374	38
3375	35
3376	37
3377	44
3378	54
3379	64
3380	74
3381	81
3382	84
3383	81
3384	75
3385	67
3386	60
3387	52
3388	46
3389	44
3390	46
3391	51
3392	56
3393	59
3394	65
3395	74
3396	81
3397	88
3398	94
3399	98
3400	100
3401	98
3402	90
3403	83
3404	77
3405	73
3406	68
3407	63
3408	57
3409	51
3410	45
3411	38
3412	35
3413	34
3414	37
3415	42
3416	45
3417	49
3418	54
3419	60
3420	64
3421	65
3422	64
3423	61
3424	59
3425	58
3426	55
3427	50
3428	45
3429	43
3430	43
3431	45
3432	46
3433	48
3434	51
3435	55
3436	58
3437	58
3438	56
3439	56
3440	59
3441	62
3442	66
3443	69
3444	71
3445	73
3446	76
3447	79
3448	81
3449	81
3450	79
3451	77
3452	75
3453	73
3454	68
3455	60
3456	54
3457	50
3458	50
3459	50
3460	49
3461	49
3462	50
3463	55
3464	61
3465	68
3466	74
3467	77
3468	78
3469	76
3470	72
3471	67
3472	62
3473	60
3474	58
3475	53
3476	48
3477	44
3478	43
3479	46
3480	50
3481	53
3482	56
3483	58
3484	61
3485	62
3486	61
3487	61
3488	62
3489	62
3490	63
3491	63
3492	66
3493	66
3494	61
3495	56
3496	52
3497	50
3498	47
3499	42
3500	39
3501	39
3502	43
3503	48
3504	51
3505	53
3506	56
3507	60
3508	64
3509	65
3510	65
3511	66
3512	67
3513	66
3514	64
3515	59
3516	54
3517	50
3518	48
3519	47
3520	48
3521	49
3522	49
3523	48
3524	50
3525	54
3526	58
3527	61
3528	64
3529	66
3530	66
3531	64
3532	61
3533	60
3534	59
3535	56
3536	51
3537	45
3538	39
3539	35
3540	35
3541	39
3542	44
3543	48
3544	52
3545	56
3546	60
3547	63
3548	65
3549	66
3550	70
3551	75
3552	78
3553	77
3554	70
3555	64
3556	59
3557	58
3558	58
3559	56
3560	52
3561	51
3562	55
3563	63
3564	72
3565	78
3566	82
3567	82
3568	77
3569	69
3570	59
3571	50
3572	44
3573	39
3574	36
3575	35
3576	38
3577	44
3578	50
3579	57
3580	63
3581	67
3582	68
3583	66
3584	65
3585	66
3586	69
3587	71
3588	72
3589	70
3590	68
3591	66
3592	67
3593	70
3594	71
3595	72
3596	72
3597	74
3598	74
3599	72
3600	68
3601	63
3602	60
3603	58
3604	55
3605	50
3606	45
3607	44
3608	44
3609	45
3610	45
3611	46
3612	50
3613	51
3614	50
3615	46
3616	43
3617	44
3618	48
3619	53
3620	56
3621	58
3622	59
3623	61
3624	63
3625	63
3626	61
3627	59
3628	59
3629	60
3630	63
3631	66
3632	70
3633	75
3634	79
3635	81
3636	80
3637	77
3638	74
3639	72
3640	73
3641	75
3642	74
3643	72
3644	67
3645	60
3646	52
3647	47
3648	46
3649	48
3650	50
3651	51
3652	53
3653	54
3654	53
3655	52
3656	50
3657	49
3658	47
3659	44
3660	41
3661	38
3662	35
3663	31
3664	26
3665	22
3666	23
3667	29
3668	37
3669	45
3670	51
3671	57
3672	65
3673	75
3674	83
3675	86
3676	88
3677	87
3678	83
3679	76
3680	68
3681	58
3682	50
3683	43
3684	38
3685	36
3686	38
3687	44
3688	52
3689	59
3690	64
3691	67
3692	71
3693	73
3694	72
3695	69
3696	65
3697	63
3698	63
3699	61
3700	62
3701	65
3702	69
3703	71
3704	69
3705	65
3706	62
3707	61
3708	63
3709	64
3710	65
3711	66
3712	64
3713	62
3714	58
3715	57
3716	59
3717	67
3718	74
3719	77
3720	76
3721	75
3722	72
3723	66
3724	59
3725	53
3726	49
3727	46
3728	44
3729	43
3730	46
3731	52
3732	57
3733	61
3734	63
3735	65
3736	66
3737	65
3738	61
3739	55
3740	50
3741	50
3742	50
3743	52
3744	53
3745	56
3746	59
3747	61
3748	59
3749	56
3750	54
3751	53
3752	54
3753	58
3754	61
3755	62
3756	60
3757	57
3758	56
3759	55
3760	54
3761	53
3762	57
3763	63
3764	69
3765	74
3766	79
3767	80
3768	80
3769	81
3770	83
3771	87
3772	89
3773	88
3774	84
3775	79
3776	72
3777	64
3778	56
3779	53
3780	52
3781	52
3782	53
3783	57
3784	62
3785	65
3786	64
3787	60
3788	54
3789	51
3790	52
3791	55
3792	62
3793	66
3794	68
3795	65
3796	64
3797	62
3798	60
3799	56
3800	53
3801	53
3802	50
3803	44
3804	37
3805	36
3806	44
3807	56
3808	65
3809	69
3810	71
3811	73
3812	73
3813	69
3814	62
3815	58
3816	60
3817	63
3818	65
3819	68
3820	69
3821	68
3822	61
3823	52
3824	41
3825	34
3826	32
3827	36
3828	44
3829	52
3830	57
3831	53
3832	48
3833	43
3834	41
3835	39
3836	40
3837	44
3838	47
3839	46
3840	42
3841	37
3842	36
3843	41
3844	52
3845	66
3846	76
3847	80
3848	83
3849	86
3850	90
3851	90
3852	87
3853	80
3854	70
3855	61
3856	52
3857	44
3858	39
3859	38
3860	40
3861	44
3862	51
3863	59
3864	65
3865	72
3866	79
3867	83
3868	82
3869	79
3870	75
3871	71
3872	67
3873	62
3874	57
3875	51
3876	46
3877	42
3878	41
3879	44
3880	49
3881	54
3882	58
3883	60
3884	61
3885	62
3886	63
3887	62
3888	62
3889	62
3890	63
3891	65
3892	66
3893	65
3894	63
3895	61
3896	59
3897	57
3898	56
3899	57
3900	60
3901	66
3902	72
3903	77
3904	77
3905	72
3906	66
3907	59
3908	54
3909	52
3910	53
3911	56
3912	60
3913	60
3914	58
3915	57
3916	56
3917	58
3918	59
3919	59
3920	58
3921	54
3922	49
3923	46
3924	45
3925	45
3926	43
3927	40
3928	35
3929	30
3930	28
3931	31
3932	38
3933	47
3934	55
3935	61
3936	65
3937	67
3938	66
3939	64
3940	64
3941	67
3942	69
3943	70
3944	67
3945	63
3946	61
3947	63
3948	67
3949	70
3950	70
3951	69
3952	68
3953	69
3954	70
3955	70
3956	68
3957	64
3958	60
3959	58
3960	54
3961	51
3962	46
3963	42
3964	41
3965	44
3966	47
3967	51
3968	54
3969	57
3970	59
3971	60
3972	60
3973	61
3974	64
3975	69
3976	75
3977	80
3978	83
3979	83
3980	80
3981	76
3982	72
3983	66
3984	60
3985	56
3986	55
3987	57
3988	62
3989	68
3990	73
3991	76
3992	78
3993	76
3994	72
3995	67
3996	63
3997	59
3998	56
3999	54
4000	51
4001	49
4002	47
4003	45
4004	42
4005	41
4006	41
4007	45
4008	50
4009	51
4010	50
4011	47
4012	45
4013	48
4014	53
4015	58
4016	63
4017	68
4018	68
4019	64
4020	59
4021	56
4022	54
4023	53
4024	53
4025	53
4026	53
4027	53
4028	56
4029	60
4030	64
4031	66
4032	66
4033	65
4034	67
4035	73
4036	79
4037	81
4038	79
4039	76
4040	70
4041	64
4042	60
4043	60
4044	66
4045	73
4046	81
4047	83
4048	80
4049	73
4050	66
4051	60
4052	54
4053	49
4054	44
4055	43
4056	46
4057	52
4058	58
4059	63
4060	69
4061	74
4062	76
4063	74
4064	69
4065	63
4066	58
4067	54
4068	53
4069	54
4070	55
4071	53
4072	49
4073	44
4074	40
4075	38
4076	39
4077	42
4078	47
4079	54
