
TIME STEP:
80 = 1ms

VOLTAGE STEP:
32 = 30mV

N	CH1

1	255
2	255
3	255
4	60
5	60
6	60
7	59
8	59
9	59
10	59
11	59
12	59
13	59
14	59
15	60
16	59
17	59
18	59
19	59
20	60
21	60
22	59
23	59
24	60
25	60
26	60
27	59
28	60
29	59
30	59
31	59
32	59
33	59
34	60
35	59
36	59
37	59
38	59
39	59
40	60
41	59
42	60
43	59
44	60
45	60
46	60
47	59
48	60
49	59
50	60
51	59
52	59
53	59
54	59
55	60
56	60
57	59
58	59
59	60
60	60
61	60
62	60
63	60
64	60
65	60
66	60
67	60
68	60
69	60
70	60
71	59
72	60
73	60
74	59
75	60
76	59
77	60
78	60
79	59
80	59
81	60
82	59
83	59
84	59
85	59
86	60
87	59
88	60
89	59
90	59
91	59
92	59
93	59
94	59
95	59
96	59
97	59
98	59
99	59
100	59
101	59
102	59
103	59
104	59
105	60
106	59
107	59
108	59
109	60
110	59
111	58
112	59
113	59
114	59
115	59
116	59
117	59
118	59
119	59
120	59
121	59
122	59
123	58
124	59
125	59
126	59
127	59
128	60
129	59
130	59
131	59
132	59
133	59
134	59
135	59
136	59
137	59
138	59
139	59
140	59
141	59
142	59
143	59
144	59
145	59
146	59
147	59
148	59
149	59
150	59
151	60
152	59
153	59
154	59
155	59
156	59
157	59
158	59
159	59
160	59
161	59
162	60
163	59
164	58
165	59
166	59
167	59
168	59
169	59
170	59
171	59
172	59
173	59
174	59
175	59
176	59
177	59
178	59
179	59
180	59
181	59
182	59
183	59
184	59
185	59
186	59
187	59
188	59
189	59
190	59
191	59
192	59
193	59
194	59
195	59
196	59
197	58
198	59
199	59
200	59
201	59
202	59
203	59
204	59
205	59
206	59
207	59
208	59
209	59
210	59
211	59
212	59
213	59
214	59
215	59
216	59
217	59
218	59
219	59
220	59
221	59
222	59
223	59
224	59
225	60
226	59
227	59
228	59
229	59
230	59
231	58
232	59
233	59
234	58
235	59
236	59
237	60
238	59
239	60
240	59
241	59
242	59
243	59
244	60
245	59
246	59
247	59
248	59
249	60
250	59
251	59
252	60
253	60
254	60
255	59
256	60
257	59
258	60
259	60
260	60
261	60
262	59
263	59
264	59
265	59
266	60
267	60
268	60
269	59
270	60
271	60
272	59
273	59
274	60
275	60
276	60
277	60
278	59
279	59
280	59
281	60
282	60
283	60
284	60
285	60
286	60
287	59
288	60
289	59
290	60
291	60
292	60
293	60
294	60
295	60
296	59
297	60
298	60
299	60
300	60
301	59
302	60
303	60
304	59
305	60
306	59
307	59
308	59
309	59
310	59
311	59
312	59
313	60
314	59
315	59
316	59
317	60
318	59
319	60
320	60
321	59
322	60
323	59
324	59
325	60
326	60
327	59
328	59
329	60
330	60
331	60
332	60
333	60
334	59
335	59
336	59
337	59
338	59
339	59
340	59
341	59
342	59
343	59
344	58
345	59
346	59
347	59
348	59
349	59
350	59
351	59
352	59
353	59
354	59
355	59
356	59
357	59
358	59
359	60
360	59
361	59
362	60
363	60
364	60
365	59
366	59
367	59
368	60
369	59
370	59
371	59
372	59
373	59
374	59
375	59
376	60
377	59
378	59
379	59
380	59
381	60
382	59
383	59
384	59
385	59
386	59
387	59
388	59
389	60
390	59
391	59
392	60
393	60
394	59
395	59
396	60
397	60
398	59
399	60
400	59
401	59
402	59
403	59
404	59
405	59
406	58
407	59
408	58
409	59
410	59
411	58
412	59
413	59
414	59
415	59
416	59
417	60
418	59
419	59
420	60
421	60
422	60
423	60
424	60
425	60
426	60
427	60
428	60
429	60
430	60
431	60
432	60
433	60
434	59
435	60
436	60
437	59
438	59
439	59
440	59
441	59
442	59
443	59
444	59
445	59
446	59
447	60
448	60
449	60
450	60
451	60
452	59
453	59
454	60
455	59
456	59
457	59
458	59
459	59
460	58
461	58
462	58
463	58
464	58
465	58
466	58
467	58
468	58
469	59
470	58
471	58
472	58
473	59
474	58
475	58
476	58
477	59
478	58
479	59
480	59
481	59
482	59
483	59
484	59
485	59
486	59
487	59
488	59
489	59
490	59
491	59
492	59
493	59
494	59
495	59
496	59
497	59
498	59
499	60
500	60
501	60
502	59
503	59
504	59
505	59
506	59
507	59
508	60
509	59
510	58
511	58
512	57
513	57
514	58
515	58
516	58
517	58
518	57
519	57
520	57
521	56
522	57
523	57
524	58
525	58
526	58
527	57
528	56
529	56
530	56
531	56
532	56
533	55
534	54
535	52
536	50
537	48
538	44
539	40
540	36
541	30
542	24
543	15
544	4
545	0
546	0
547	0
548	0
549	0
550	0
551	0
552	0
553	69
554	170
555	234
556	255
557	255
558	255
559	202
560	116
561	47
562	22
563	35
564	44
565	26
566	19
567	52
568	102
569	141
570	162
571	187
572	217
573	227
574	192
575	115
576	28
577	0
578	0
579	0
580	8
581	30
582	75
583	121
584	144
585	140
586	118
587	96
588	93
589	100
590	91
591	55
592	3
593	0
594	0
595	0
596	0
597	0
598	37
599	86
600	121
601	114
602	56
603	0
604	0
605	0
606	0
607	0
608	0
609	0
610	12
611	38
612	52
613	51
614	58
615	93
616	153
617	196
618	188
619	134
620	75
621	47
622	49
623	65
624	74
625	76
626	72
627	60
628	44
629	34
630	38
631	55
632	90
633	138
634	175
635	173
636	136
637	94
638	69
639	65
640	75
641	86
642	88
643	73
644	50
645	28
646	10
647	4
648	17
649	43
650	66
651	67
652	41
653	0
654	0
655	0
656	0
657	0
658	0
659	9
660	12
661	8
662	12
663	25
664	41
665	63
666	86
667	94
668	78
669	46
670	8
671	0
672	0
673	0
674	0
675	23
676	43
677	54
678	59
679	64
680	72
681	82
682	92
683	99
684	104
685	98
686	79
687	59
688	45
689	37
690	31
691	26
692	20
693	15
694	16
695	20
696	25
697	37
698	63
699	98
700	128
701	145
702	152
703	153
704	150
705	146
706	143
707	142
708	142
709	140
710	126
711	103
712	82
713	71
714	73
715	83
716	96
717	103
718	105
719	108
720	107
721	99
722	86
723	72
724	60
725	48
726	34
727	19
728	8
729	10
730	24
731	41
732	55
733	66
734	72
735	74
736	65
737	48
738	31
739	19
740	18
741	26
742	32
743	28
744	13
745	0
746	0
747	0
748	0
749	9
750	20
751	34
752	45
753	48
754	47
755	50
756	56
757	59
758	60
759	61
760	63
761	59
762	48
763	43
764	47
765	58
766	68
767	76
768	79
769	81
770	87
771	90
772	87
773	83
774	81
775	80
776	75
777	64
778	47
779	33
780	28
781	29
782	37
783	47
784	53
785	54
786	53
787	52
788	52
789	52
790	56
791	64
792	72
793	73
794	67
795	62
796	63
797	65
798	61
799	54
800	47
801	46
802	46
803	42
804	34
805	34
806	47
807	66
808	80
809	83
810	80
811	80
812	74
813	58
814	39
815	36
816	48
817	59
818	60
819	59
820	59
821	64
822	71
823	75
824	73
825	70
826	72
827	71
828	60
829	47
830	41
831	42
832	39
833	33
834	28
835	25
836	23
837	19
838	14
839	16
840	27
841	42
842	55
843	62
844	67
845	71
846	71
847	65
848	56
849	50
850	51
851	60
852	71
853	76
854	73
855	72
856	77
857	90
858	109
859	124
860	130
861	129
862	122
863	112
864	97
865	78
866	60
867	49
868	42
869	36
870	36
871	42
872	52
873	69
874	92
875	109
876	112
877	103
878	89
879	72
880	56
881	39
882	25
883	15
884	13
885	16
886	18
887	15
888	6
889	0
890	1
891	9
892	23
893	38
894	52
895	59
896	59
897	50
898	41
899	33
900	30
901	34
902	43
903	57
904	71
905	81
906	83
907	82
908	83
909	85
910	86
911	85
912	85
913	85
914	83
915	78
916	68
917	55
918	47
919	43
920	42
921	44
922	49
923	58
924	69
925	79
926	89
927	97
928	100
929	97
930	86
931	69
932	52
933	37
934	28
935	22
936	20
937	22
938	29
939	36
940	40
941	44
942	51
943	60
944	69
945	75
946	79
947	77
948	69
949	58
950	48
951	41
952	34
953	32
954	37
955	43
956	46
957	48
958	52
959	60
960	68
961	74
962	81
963	87
964	90
965	88
966	82
967	73
968	65
969	60
970	58
971	57
972	53
973	49
974	43
975	38
976	33
977	32
978	36
979	45
980	56
981	62
982	64
983	60
984	52
985	41
986	33
987	28
988	26
989	29
990	35
991	40
992	42
993	43
994	45
995	51
996	58
997	67
998	74
999	78
1000	81
1001	83
1002	86
1003	90
1004	89
1005	88
1006	86
1007	82
1008	79
1009	76
1010	74
1011	73
1012	73
1013	75
1014	74
1015	66
1016	56
1017	48
1018	49
1019	52
1020	53
1021	51
1022	54
1023	65
1024	78
1025	84
1026	78
1027	70
1028	67
1029	66
1030	60
1031	47
1032	37
1033	38
1034	43
1035	47
1036	48
1037	49
1038	55
1039	64
1040	73
1041	76
1042	73
1043	66
1044	62
1045	60
1046	57
1047	54
1048	52
1049	53
1050	57
1051	62
1052	66
1053	69
1054	70
1055	69
1056	64
1057	59
1058	55
1059	52
1060	47
1061	39
1062	36
1063	37
1064	38
1065	35
1066	30
1067	28
1068	30
1069	35
1070	40
1071	44
1072	48
1073	54
1074	57
1075	59
1076	60
1077	63
1078	68
1079	71
1080	70
1081	66
1082	62
1083	61
1084	63
1085	69
1086	77
1087	86
1088	92
1089	94
1090	93
1091	93
1092	91
1093	87
1094	80
1095	73
1096	67
1097	62
1098	56
1099	49
1100	42
1101	42
1102	44
1103	46
1104	45
1105	43
1106	41
1107	42
1108	42
1109	42
1110	42
1111	43
1112	44
1113	44
1114	43
1115	39
1116	34
1117	30
1118	30
1119	34
1120	38
1121	42
1122	41
1123	39
1124	36
1125	34
1126	35
1127	41
1128	48
1129	54
1130	58
1131	58
1132	55
1133	52
1134	50
1135	51
1136	53
1137	56
1138	57
1139	58
1140	56
1141	56
1142	58
1143	62
1144	68
1145	76
1146	81
1147	84
1148	83
1149	80
1150	77
1151	76
1152	77
1153	78
1154	78
1155	78
1156	76
1157	70
1158	63
1159	59
1160	60
1161	63
1162	66
1163	66
1164	66
1165	66
1166	66
1167	65
1168	64
1169	65
1170	71
1171	75
1172	75
1173	69
1174	60
1175	54
1176	50
1177	48
1178	48
1179	50
1180	53
1181	54
1182	53
1183	49
1184	48
1185	50
1186	54
1187	58
1188	60
1189	60
1190	60
1191	59
1192	58
1193	60
1194	63
1195	70
1196	79
1197	87
1198	90
1199	86
1200	80
1201	72
1202	64
1203	55
1204	47
1205	42
1206	41
1207	41
1208	42
1209	42
1210	41
1211	40
1212	40
1213	39
1214	37
1215	38
1216	37
1217	36
1218	34
1219	33
1220	31
1221	30
1222	29
1223	28
1224	28
1225	29
1226	31
1227	36
1228	43
1229	52
1230	63
1231	72
1232	77
1233	81
1234	83
1235	83
1236	81
1237	82
1238	85
1239	89
1240	92
1241	88
1242	80
1243	72
1244	63
1245	54
1246	44
1247	35
1248	30
1249	28
1250	30
1251	37
1252	47
1253	57
1254	67
1255	75
1256	82
1257	90
1258	100
1259	111
1260	121
1261	126
1262	124
1263	117
1264	108
1265	96
1266	82
1267	63
1268	42
1269	22
1270	9
1271	5
1272	9
1273	18
1274	29
1275	39
1276	49
1277	58
1278	68
1279	76
1280	82
1281	86
1282	90
1283	93
1284	92
1285	87
1286	82
1287	80
1288	80
1289	81
1290	77
1291	65
1292	50
1293	38
1294	27
1295	19
1296	17
1297	23
1298	35
1299	46
1300	50
1301	45
1302	35
1303	23
1304	10
1305	2
1306	0
1307	5
1308	14
1309	27
1310	43
1311	58
1312	67
1313	70
1314	69
1315	67
1316	65
1317	59
1318	54
1319	55
1320	63
1321	74
1322	80
1323	80
1324	76
1325	75
1326	75
1327	76
1328	82
1329	87
1330	89
1331	86
1332	78
1333	69
1334	62
1335	56
1336	52
1337	45
1338	41
1339	42
1340	45
1341	51
1342	59
1343	63
1344	67
1345	66
1346	62
1347	58
1348	54
1349	54
1350	60
1351	66
1352	66
1353	62
1354	56
1355	52
1356	47
1357	42
1358	39
1359	37
1360	34
1361	37
1362	45
1363	50
1364	47
1365	42
1366	40
1367	42
1368	44
1369	43
1370	40
1371	40
1372	45
1373	50
1374	52
1375	52
1376	56
1377	61
1378	62
1379	59
1380	56
1381	57
1382	64
1383	70
1384	68
1385	62
1386	57
1387	58
1388	56
1389	54
1390	53
1391	54
1392	52
1393	46
1394	39
1395	36
1396	37
1397	40
1398	43
1399	44
1400	45
1401	50
1402	58
1403	68
1404	75
1405	79
1406	79
1407	79
1408	83
1409	91
1410	96
1411	96
1412	89
1413	76
1414	63
1415	53
1416	44
1417	32
1418	21
1419	14
1420	8
1421	4
1422	6
1423	18
1424	35
1425	52
1426	68
1427	84
1428	98
1429	112
1430	124
1431	132
1432	133
1433	126
1434	118
1435	106
1436	94
1437	79
1438	64
1439	51
1440	39
1441	29
1442	22
1443	18
1444	15
1445	9
1446	4
1447	6
1448	15
1449	29
1450	43
1451	53
1452	63
1453	69
1454	72
1455	75
1456	80
1457	83
1458	82
1459	76
1460	67
1461	59
1462	57
1463	59
1464	59
1465	55
1466	48
1467	37
1468	26
1469	19
1470	20
1471	29
1472	42
1473	57
1474	72
1475	86
1476	96
1477	99
1478	93
1479	84
1480	74
1481	68
1482	66
1483	65
1484	64
1485	60
1486	54
1487	46
1488	36
1489	27
1490	19
1491	15
1492	15
1493	20
1494	30
1495	42
1496	56
1497	68
1498	75
1499	78
1500	78
1501	76
1502	74
1503	74
1504	75
1505	74
1506	74
1507	74
1508	74
1509	73
1510	72
1511	72
1512	72
1513	68
1514	63
1515	57
1516	52
1517	48
1518	44
1519	41
1520	43
1521	48
1522	51
1523	50
1524	49
1525	50
1526	53
1527	55
1528	52
1529	47
1530	45
1531	46
1532	47
1533	45
1534	43
1535	42
1536	42
1537	40
1538	38
1539	37
1540	35
1541	34
1542	33
1543	33
1544	34
1545	34
1546	35
1547	37
1548	41
1549	46
1550	54
1551	63
1552	68
1553	70
1554	71
1555	76
1556	83
1557	89
1558	90
1559	88
1560	88
1561	86
1562	80
1563	72
1564	65
1565	64
1566	67
1567	70
1568	67
1569	61
1570	57
1571	54
1572	52
1573	53
1574	57
1575	66
1576	76
1577	79
1578	76
1579	70
1580	62
1581	53
1582	44
1583	38
1584	34
1585	32
1586	31
1587	32
1588	33
1589	34
1590	37
1591	44
1592	56
1593	68
1594	75
1595	76
1596	74
1597	71
1598	66
1599	58
1600	52
1601	51
1602	53
1603	55
1604	57
1605	59
1606	63
1607	67
1608	68
1609	67
1610	65
1611	65
1612	69
1613	74
1614	77
1615	76
1616	74
1617	73
1618	72
1619	69
1620	64
1621	60
1622	59
1623	56
1624	52
1625	50
1626	50
1627	54
1628	59
1629	64
1630	67
1631	66
1632	62
1633	54
1634	47
1635	43
1636	40
1637	36
1638	36
1639	39
1640	45
1641	51
1642	57
1643	65
1644	71
1645	75
1646	76
1647	75
1648	73
1649	69
1650	64
1651	60
1652	56
1653	53
1654	50
1655	49
1656	49
1657	50
1658	52
1659	56
1660	59
1661	62
1662	65
1663	65
1664	62
1665	60
1666	58
1667	54
1668	49
1669	44
1670	42
1671	42
1672	42
1673	46
1674	51
1675	55
1676	57
1677	58
1678	60
1679	62
1680	65
1681	66
1682	65
1683	64
1684	63
1685	61
1686	57
1687	52
1688	47
1689	42
1690	38
1691	38
1692	40
1693	43
1694	47
1695	52
1696	56
1697	56
1698	57
1699	57
1700	55
1701	53
1702	53
1703	55
1704	57
1705	58
1706	59
1707	57
1708	54
1709	52
1710	51
1711	52
1712	55
1713	58
1714	59
1715	58
1716	57
1717	55
1718	54
1719	54
1720	54
1721	53
1722	54
1723	56
1724	60
1725	62
1726	63
1727	66
1728	68
1729	70
1730	68
1731	64
1732	63
1733	65
1734	68
1735	71
1736	71
1737	73
1738	79
1739	84
1740	87
1741	86
1742	83
1743	80
1744	76
1745	72
1746	66
1747	64
1748	65
1749	68
1750	69
1751	67
1752	65
1753	63
1754	59
1755	56
1756	53
1757	50
1758	48
1759	46
1760	44
1761	44
1762	42
1763	42
1764	42
1765	43
1766	44
1767	47
1768	49
1769	52
1770	54
1771	53
1772	52
1773	52
1774	53
1775	52
1776	50
1777	47
1778	46
1779	48
1780	50
1781	52
1782	53
1783	53
1784	53
1785	54
1786	54
1787	55
1788	57
1789	60
1790	64
1791	67
1792	70
1793	72
1794	73
1795	73
1796	70
1797	67
1798	64
1799	61
1800	58
1801	54
1802	53
1803	52
1804	53
1805	54
1806	55
1807	57
1808	60
1809	62
1810	65
1811	67
1812	68
1813	69
1814	69
1815	68
1816	66
1817	62
1818	59
1819	55
1820	50
1821	49
1822	50
1823	55
1824	60
1825	63
1826	66
1827	66
1828	66
1829	67
1830	66
1831	65
1832	64
1833	63
1834	61
1835	59
1836	54
1837	50
1838	48
1839	47
1840	46
1841	43
1842	40
1843	37
1844	36
1845	38
1846	41
1847	43
1848	43
1849	44
1850	44
1851	44
1852	44
1853	43
1854	44
1855	48
1856	54
1857	59
1858	62
1859	62
1860	60
1861	58
1862	57
1863	58
1864	58
1865	58
1866	58
1867	58
1868	57
1869	54
1870	51
1871	48
1872	47
1873	49
1874	49
1875	48
1876	47
1877	48
1878	51
1879	57
1880	62
1881	65
1882	65
1883	63
1884	59
1885	55
1886	52
1887	52
1888	54
1889	59
1890	61
1891	62
1892	60
1893	56
1894	52
1895	48
1896	48
1897	50
1898	56
1899	65
1900	73
1901	77
1902	78
1903	76
1904	74
1905	72
1906	72
1907	72
1908	70
1909	69
1910	68
1911	69
1912	69
1913	68
1914	68
1915	66
1916	65
1917	64
1918	62
1919	59
1920	57
1921	56
1922	58
1923	59
1924	60
1925	60
1926	59
1927	56
1928	52
1929	48
1930	45
1931	44
1932	44
1933	45
1934	46
1935	46
1936	46
1937	46
1938	47
1939	50
1940	51
1941	54
1942	56
1943	56
1944	53
1945	49
1946	46
1947	47
1948	50
1949	54
1950	55
1951	55
1952	57
1953	59
1954	60
1955	58
1956	57
1957	57
1958	59
1959	59
1960	58
1961	57
1962	59
1963	62
1964	65
1965	68
1966	70
1967	70
1968	70
1969	67
1970	65
1971	61
1972	58
1973	55
1974	54
1975	55
1976	59
1977	64
1978	67
1979	69
1980	70
1981	69
1982	67
1983	63
1984	61
1985	59
1986	56
1987	53
1988	51
1989	51
1990	53
1991	57
1992	60
1993	61
1994	61
1995	60
1996	58
1997	57
1998	59
1999	59
2000	60
2001	60
2002	59
2003	58
2004	55
2005	51
2006	50
2007	48
2008	48
2009	49
2010	52
2011	56
2012	60
2013	63
2014	63
2015	61
2016	58
2017	55
2018	54
2019	55
2020	56
2021	55
2022	55
2023	54
2024	52
2025	48
2026	45
2027	45
2028	49
2029	53
2030	57
2031	60
2032	61
2033	60
2034	58
2035	57
2036	55
2037	56
2038	57
2039	57
2040	57
2041	58
2042	57
2043	55
2044	53
2045	51
2046	52
2047	52
2048	52
2049	52
2050	53
2051	57
2052	62
2053	63
2054	64
2055	65
2056	65
2057	65
2058	66
2059	67
2060	67
2061	67
2062	67
2063	69
2064	69
2065	69
2066	68
2067	67
2068	66
2069	63
2070	59
2071	56
2072	53
2073	50
2074	48
2075	46
2076	45
2077	46
2078	47
2079	50
2080	54
2081	57
2082	60
2083	63
2084	66
2085	68
2086	70
2087	71
2088	73
2089	73
2090	71
2091	68
2092	66
2093	65
2094	65
2095	63
2096	61
2097	62
2098	63
2099	64
2100	64
2101	66
2102	68
2103	70
2104	72
2105	71
2106	68
2107	65
2108	61
2109	59
2110	58
2111	56
2112	52
2113	49
2114	47
2115	47
2116	46
2117	46
2118	47
2119	48
2120	49
2121	50
2122	49
2123	49
2124	48
2125	48
2126	45
2127	44
2128	44
2129	46
2130	47
2131	49
2132	51
2133	55
2134	59
2135	61
2136	64
2137	64
2138	63
2139	62
2140	60
2141	58
2142	57
2143	58
2144	58
2145	59
2146	59
2147	58
2148	58
2149	59
2150	60
2151	62
2152	63
2153	64
2154	64
2155	65
2156	66
2157	67
2158	66
2159	64
2160	61
2161	59
2162	58
2163	58
2164	58
2165	60
2166	62
2167	63
2168	64
2169	62
2170	61
2171	58
2172	56
2173	52
2174	50
2175	50
2176	52
2177	54
2178	56
2179	57
2180	58
2181	59
2182	59
2183	59
2184	60
2185	59
2186	58
2187	57
2188	56
2189	56
2190	55
2191	52
2192	49
2193	48
2194	48
2195	50
2196	51
2197	54
2198	56
2199	56
2200	57
2201	58
2202	58
2203	57
2204	56
2205	56
2206	54
2207	54
2208	54
2209	53
2210	54
2211	55
2212	55
2213	55
2214	56
2215	59
2216	62
2217	63
2218	60
2219	57
2220	55
2221	53
2222	52
2223	51
2224	50
2225	50
2226	51
2227	50
2228	47
2229	44
2230	44
2231	48
2232	52
2233	55
2234	58
2235	61
2236	62
2237	62
2238	63
2239	65
2240	68
2241	70
2242	71
2243	71
2244	69
2245	67
2246	64
2247	59
2248	55
2249	52
2250	50
2251	49
2252	48
2253	47
2254	48
2255	50
2256	53
2257	58
2258	63
2259	68
2260	72
2261	74
2262	76
2263	80
2264	84
2265	86
2266	83
2267	78
2268	74
2269	69
2270	64
2271	59
2272	55
2273	52
2274	50
2275	48
2276	45
2277	43
2278	42
2279	41
2280	40
2281	41
2282	43
2283	46
2284	49
2285	52
2286	56
2287	61
2288	66
2289	70
2290	72
2291	73
2292	73
2293	72
2294	70
2295	68
2296	66
2297	64
2298	63
2299	62
2300	60
2301	58
2302	57
2303	58
2304	61
2305	64
2306	64
2307	60
2308	56
2309	52
2310	50
2311	49
2312	49
2313	52
2314	56
2315	62
2316	65
2317	67
2318	68
2319	70
2320	70
2321	68
2322	66
2323	65
2324	65
2325	64
2326	62
2327	60
2328	60
2329	59
2330	56
2331	52
2332	48
2333	46
2334	45
2335	44
2336	43
2337	45
2338	49
2339	52
2340	55
2341	57
2342	58
2343	58
2344	56
2345	54
2346	53
2347	56
2348	61
2349	68
2350	75
2351	80
2352	82
2353	79
2354	73
2355	65
2356	56
2357	49
2358	45
2359	45
2360	46
2361	49
2362	52
2363	56
2364	59
2365	61
2366	63
2367	63
2368	63
2369	63
2370	61
2371	59
2372	58
2373	56
2374	55
2375	53
2376	54
2377	56
2378	59
2379	59
2380	57
2381	54
2382	51
2383	50
2384	50
2385	50
2386	51
2387	54
2388	57
2389	60
2390	62
2391	63
2392	63
2393	62
2394	60
2395	57
2396	52
2397	49
2398	46
2399	47
2400	48
2401	50
2402	54
2403	60
2404	64
2405	66
2406	68
2407	68
2408	69
2409	67
2410	64
2411	58
2412	51
2413	45
2414	41
2415	41
2416	42
2417	44
2418	45
2419	46
2420	46
2421	47
2422	50
2423	54
2424	57
2425	62
2426	65
2427	65
2428	64
2429	60
2430	58
2431	56
2432	57
2433	58
2434	62
2435	67
2436	73
2437	78
2438	82
2439	86
2440	88
2441	89
2442	86
2443	80
2444	73
2445	67
2446	64
2447	62
2448	62
2449	62
2450	64
2451	64
2452	65
2453	65
2454	64
2455	61
2456	60
2457	60
2458	61
2459	62
2460	62
2461	60
2462	59
2463	58
2464	59
2465	60
2466	61
2467	62
2468	60
2469	56
2470	54
2471	55
2472	56
2473	57
2474	57
2475	55
2476	51
2477	46
2478	40
2479	38
2480	40
2481	45
2482	49
2483	53
2484	56
2485	57
2486	58
2487	58
2488	59
2489	58
2490	58
2491	59
2492	59
2493	59
2494	60
2495	63
2496	67
2497	71
2498	71
2499	68
2500	63
2501	57
2502	52
2503	48
2504	44
2505	43
2506	43
2507	44
2508	46
2509	48
2510	52
2511	56
2512	58
2513	59
2514	60
2515	62
2516	64
2517	64
2518	61
2519	59
2520	58
2521	56
2522	55
2523	56
2524	56
2525	57
2526	58
2527	59
2528	60
2529	60
2530	61
2531	59
2532	58
2533	58
2534	57
2535	55
2536	54
2537	54
2538	53
2539	51
2540	50
2541	49
2542	49
2543	49
2544	50
2545	50
2546	50
2547	52
2548	53
2549	55
2550	56
2551	58
2552	58
2553	59
2554	57
2555	56
2556	53
2557	53
2558	55
2559	58
2560	61
2561	63
2562	64
2563	64
2564	62
2565	62
2566	63
2567	66
2568	69
2569	70
2570	68
2571	66
2572	63
2573	61
2574	60
2575	58
2576	56
2577	55
2578	54
2579	55
2580	54
2581	56
2582	59
2583	62
2584	66
2585	68
2586	69
2587	69
2588	69
2589	67
2590	65
2591	63
2592	61
2593	58
2594	54
2595	50
2596	46
2597	41
2598	39
2599	38
2600	40
2601	44
2602	48
2603	52
2604	54
2605	56
2606	58
2607	61
2608	62
2609	63
2610	63
2611	64
2612	65
2613	66
2614	65
2615	64
2616	62
2617	59
2618	55
2619	53
2620	52
2621	54
2622	56
2623	58
2624	59
2625	59
2626	59
2627	60
2628	60
2629	61
2630	62
2631	62
2632	61
2633	58
2634	56
2635	56
2636	58
2637	60
2638	62
2639	63
2640	64
2641	65
2642	64
2643	62
2644	59
2645	58
2646	57
2647	56
2648	55
2649	54
2650	54
2651	52
2652	51
2653	53
2654	55
2655	57
2656	57
2657	54
2658	52
2659	49
2660	47
2661	46
2662	46
2663	51
2664	56
2665	61
2666	64
2667	66
2668	65
2669	64
2670	64
2671	64
2672	64
2673	63
2674	63
2675	63
2676	61
2677	57
2678	54
2679	52
2680	51
2681	52
2682	55
2683	57
2684	58
2685	60
2686	61
2687	62
2688	64
2689	68
2690	72
2691	74
2692	75
2693	75
2694	75
2695	75
2696	73
2697	71
2698	67
2699	61
2700	55
2701	51
2702	48
2703	47
2704	48
2705	50
2706	54
2707	56
2708	58
2709	58
2710	56
2711	54
2712	53
2713	54
2714	55
2715	57
2716	57
2717	55
2718	52
2719	49
2720	49
2721	51
2722	54
2723	57
2724	58
2725	57
2726	56
2727	56
2728	57
2729	60
2730	64
2731	68
2732	68
2733	65
2734	61
2735	57
2736	54
2737	52
2738	52
2739	54
2740	56
2741	54
2742	52
2743	48
2744	46
2745	46
2746	48
2747	51
2748	54
2749	56
2750	59
2751	60
2752	60
2753	59
2754	59
2755	60
2756	62
2757	65
2758	67
2759	67
2760	66
2761	64
2762	63
2763	63
2764	63
2765	61
2766	61
2767	62
2768	64
2769	63
2770	62
2771	61
2772	62
2773	62
2774	61
2775	58
2776	55
2777	52
2778	51
2779	51
2780	53
2781	58
2782	63
2783	66
2784	68
2785	68
2786	66
2787	65
2788	63
2789	62
2790	61
2791	62
2792	63
2793	61
2794	57
2795	53
2796	51
2797	53
2798	55
2799	58
2800	62
2801	65
2802	68
2803	70
2804	68
2805	66
2806	63
2807	61
2808	59
2809	56
2810	52
2811	51
2812	52
2813	55
2814	59
2815	62
2816	65
2817	67
2818	67
2819	64
2820	61
2821	58
2822	57
2823	57
2824	58
2825	58
2826	60
2827	61
2828	59
2829	56
2830	54
2831	56
2832	57
2833	57
2834	56
2835	57
2836	58
2837	60
2838	61
2839	61
2840	61
2841	59
2842	57
2843	53
2844	51
2845	50
2846	49
2847	47
2848	45
2849	44
2850	43
2851	42
2852	40
2853	40
2854	43
2855	46
2856	49
2857	50
2858	50
2859	49
2860	50
2861	51
2862	51
2863	52
2864	51
2865	52
2866	51
2867	52
2868	52
2869	52
2870	53
2871	54
2872	55
2873	54
2874	53
2875	53
2876	55
2877	57
2878	59
2879	60
2880	63
2881	63
2882	61
2883	57
2884	54
2885	53
2886	54
2887	54
2888	56
2889	57
2890	59
2891	58
2892	58
2893	59
2894	62
2895	66
2896	69
2897	71
2898	72
2899	72
2900	71
2901	70
2902	68
2903	67
2904	67
2905	68
2906	67
2907	66
2908	66
2909	68
2910	69
2911	71
2912	72
2913	72
2914	69
2915	64
2916	59
2917	54
2918	52
2919	52
2920	52
2921	52
2922	51
2923	49
2924	45
2925	44
2926	45
2927	46
2928	49
2929	52
2930	54
2931	54
2932	54
2933	51
2934	48
2935	46
2936	48
2937	51
2938	53
2939	52
2940	52
2941	52
2942	53
2943	55
2944	58
2945	62
2946	66
2947	68
2948	69
2949	67
2950	65
2951	63
2952	62
2953	60
2954	60
2955	59
2956	57
2957	54
2958	52
2959	51
2960	52
2961	53
2962	54
2963	56
2964	60
2965	63
2966	65
2967	67
2968	70
2969	73
2970	75
2971	76
2972	75
2973	72
2974	70
2975	68
2976	67
2977	68
2978	69
2979	70
2980	70
2981	68
2982	66
2983	63
2984	60
2985	60
2986	63
2987	64
2988	65
2989	64
2990	62
2991	61
2992	61
2993	61
2994	61
2995	61
2996	61
2997	61
2998	60
2999	58
3000	55
3001	53
3002	51
3003	50
3004	48
3005	46
3006	45
3007	44
3008	43
3009	41
3010	41
3011	43
3012	46
3013	49
3014	53
3015	58
3016	63
3017	66
3018	68
3019	68
3020	67
3021	66
3022	64
3023	59
3024	56
3025	53
3026	52
3027	52
3028	53
3029	56
3030	60
3031	63
3032	65
3033	64
3034	63
3035	62
3036	62
3037	63
3038	65
3039	68
3040	69
3041	67
3042	64
3043	60
3044	59
3045	57
3046	56
3047	54
3048	53
3049	52
3050	52
3051	54
3052	56
3053	58
3054	59
3055	58
3056	55
3057	52
3058	49
3059	47
3060	48
3061	51
3062	53
3063	55
3064	57
3065	60
3066	64
3067	68
3068	69
3069	70
3070	71
3071	71
3072	70
3073	66
3074	62
3075	59
3076	57
3077	55
3078	51
3079	49
3080	48
3081	50
3082	51
3083	52
3084	54
3085	56
3086	59
3087	62
3088	64
3089	67
3090	68
3091	68
3092	68
3093	65
3094	61
3095	57
3096	53
3097	52
3098	53
3099	55
3100	56
3101	57
3102	58
3103	60
3104	62
3105	65
3106	68
3107	70
3108	70
3109	69
3110	67
3111	64
3112	60
3113	58
3114	56
3115	52
3116	48
3117	46
3118	45
3119	47
3120	47
3121	47
3122	47
3123	46
3124	46
3125	46
3126	47
3127	50
3128	53
3129	57
3130	58
3131	58
3132	59
3133	60
3134	63
3135	65
3136	64
3137	61
3138	62
3139	63
3140	65
3141	65
3142	64
3143	64
3144	64
3145	65
3146	65
3147	66
3148	67
3149	67
3150	67
3151	66
3152	66
3153	65
3154	64
3155	65
3156	69
3157	72
3158	73
3159	72
3160	70
3161	67
3162	64
3163	61
3164	60
3165	59
3166	58
3167	57
3168	56
3169	55
3170	54
3171	52
3172	52
3173	54
3174	56
3175	56
3176	56
3177	56
3178	57
3179	59
3180	60
3181	60
3182	60
3183	60
3184	60
3185	60
3186	58
3187	56
3188	54
3189	52
3190	50
3191	48
3192	46
3193	46
3194	47
3195	48
3196	48
3197	49
3198	50
3199	51
3200	51
3201	49
3202	49
3203	49
3204	50
3205	50
3206	52
3207	56
3208	61
3209	64
3210	66
3211	66
3212	65
3213	63
3214	62
3215	60
3216	58
3217	58
3218	57
3219	57
3220	55
3221	53
3222	52
3223	52
3224	53
3225	55
3226	59
3227	63
3228	68
3229	70
3230	69
3231	68
3232	65
3233	62
3234	58
3235	55
3236	53
3237	54
3238	57
3239	59
3240	61
3241	63
3242	65
3243	65
3244	65
3245	64
3246	65
3247	67
3248	70
3249	73
3250	75
3251	75
3252	76
3253	76
3254	75
3255	73
3256	70
3257	66
3258	60
3259	55
3260	50
3261	49
3262	50
3263	53
3264	55
3265	58
3266	61
3267	64
3268	63
3269	60
3270	57
3271	53
3272	50
3273	49
3274	48
3275	47
3276	47
3277	47
3278	49
3279	51
3280	52
3281	54
3282	56
3283	57
3284	58
3285	56
3286	54
3287	53
3288	53
3289	54
3290	57
3291	60
3292	63
3293	64
3294	63
3295	60
3296	59
3297	59
3298	61
3299	62
3300	60
3301	55
3302	51
3303	49
3304	49
3305	51
3306	53
3307	53
3308	51
3309	46
3310	43
3311	42
3312	43
3313	46
3314	50
3315	56
3316	59
3317	60
3318	59
3319	58
3320	58
3321	61
3322	64
3323	65
3324	68
3325	70
3326	72
3327	72
3328	71
3329	71
3330	71
3331	72
3332	74
3333	76
3334	74
3335	69
3336	62
3337	57
3338	54
3339	54
3340	56
3341	58
3342	62
3343	65
3344	66
3345	65
3346	64
3347	65
3348	68
3349	70
3350	69
3351	68
3352	66
3353	66
3354	66
3355	66
3356	66
3357	64
3358	60
3359	55
3360	50
3361	46
3362	42
3363	41
3364	42
3365	45
3366	48
3367	49
3368	51
3369	53
3370	56
3371	59
3372	62
3373	65
3374	68
3375	70
3376	70
3377	68
3378	67
3379	66
3380	65
3381	63
3382	62
3383	59
3384	57
3385	56
3386	54
3387	54
3388	55
3389	56
3390	57
3391	57
3392	58
3393	57
3394	54
3395	51
3396	46
3397	42
3398	40
3399	39
3400	41
3401	45
3402	51
3403	57
3404	62
3405	66
3406	68
3407	70
3408	71
3409	68
3410	63
3411	56
3412	49
3413	44
3414	40
3415	40
3416	41
3417	44
3418	51
3419	57
3420	63
3421	68
3422	72
3423	75
3424	76
3425	76
3426	75
3427	72
3428	68
3429	64
3430	62
3431	61
3432	62
3433	62
3434	63
3435	62
3436	62
3437	61
3438	60
3439	60
3440	60
3441	59
3442	60
3443	59
3444	58
3445	55
3446	52
3447	49
3448	47
3449	45
3450	44
3451	46
3452	47
3453	51
3454	54
3455	58
3456	61
3457	64
3458	68
3459	70
3460	71
3461	71
3462	69
3463	67
3464	64
3465	60
3466	56
3467	52
3468	50
3469	50
3470	50
3471	52
3472	56
3473	60
3474	63
3475	64
3476	66
3477	65
3478	64
3479	63
3480	63
3481	62
3482	62
3483	61
3484	58
3485	56
3486	54
3487	52
3488	50
3489	49
3490	48
3491	51
3492	54
3493	59
3494	63
3495	65
3496	68
3497	71
3498	74
3499	76
3500	76
3501	74
3502	71
3503	66
3504	62
3505	59
3506	59
3507	59
3508	60
3509	62
3510	65
3511	67
3512	69
3513	69
3514	68
3515	68
3516	67
3517	65
3518	63
3519	60
3520	58
3521	56
3522	54
3523	52
3524	50
3525	48
3526	46
3527	44
3528	42
3529	41
3530	39
3531	37
3532	36
3533	37
3534	39
3535	43
3536	47
3537	52
3538	58
3539	62
3540	66
3541	67
3542	66
3543	62
3544	59
3545	56
3546	56
3547	57
3548	57
3549	58
3550	57
3551	58
3552	57
3553	57
3554	57
3555	60
3556	64
3557	67
3558	68
3559	68
3560	68
3561	68
3562	67
3563	64
3564	60
3565	57
3566	53
3567	50
3568	47
3569	46
3570	46
3571	48
3572	50
3573	50
3574	52
3575	54
3576	56
3577	58
3578	60
3579	62
3580	63
3581	63
3582	61
3583	60
3584	58
3585	58
3586	60
3587	62
3588	63
3589	64
3590	63
3591	61
3592	60
3593	59
3594	60
3595	62
3596	63
3597	66
3598	67
3599	67
3600	65
3601	63
3602	62
3603	61
3604	61
3605	61
3606	62
3607	61
3608	59
3609	56
3610	56
3611	56
3612	57
3613	58
3614	57
3615	56
3616	55
3617	53
3618	51
3619	51
3620	51
3621	52
3622	54
3623	56
3624	60
3625	63
3626	64
3627	65
3628	65
3629	65
3630	64
3631	62
3632	59
3633	57
3634	54
3635	52
3636	51
3637	51
3638	55
3639	56
3640	58
3641	57
3642	55
3643	52
3644	49
3645	48
3646	48
3647	50
3648	51
3649	52
3650	52
3651	52
3652	56
3653	59
3654	63
3655	65
3656	66
3657	64
3658	63
3659	62
3660	60
3661	59
3662	58
3663	58
3664	59
3665	60
3666	59
3667	57
3668	56
3669	57
3670	59
3671	62
3672	65
3673	67
3674	68
3675	69
3676	69
3677	66
3678	63
3679	60
3680	60
3681	59
3682	56
3683	52
3684	49
3685	48
3686	49
3687	50
3688	51
3689	52
3690	53
3691	55
3692	57
3693	58
3694	60
3695	61
3696	62
3697	62
3698	61
3699	60
3700	61
3701	61
3702	61
3703	60
3704	58
3705	57
3706	56
3707	55
3708	56
3709	61
3710	66
3711	70
3712	72
3713	73
3714	73
3715	72
3716	68
3717	63
3718	59
3719	58
3720	57
3721	55
3722	53
3723	54
3724	56
3725	58
3726	60
3727	63
3728	67
3729	68
3730	68
3731	65
3732	61
3733	56
3734	54
3735	52
3736	52
3737	53
3738	53
3739	52
3740	53
3741	53
3742	54
3743	55
3744	57
3745	59
3746	61
3747	61
3748	59
3749	56
3750	53
3751	53
3752	52
3753	51
3754	51
3755	51
3756	51
3757	51
3758	52
3759	53
3760	56
3761	57
3762	56
3763	56
3764	58
3765	59
3766	60
3767	60
3768	60
3769	59
3770	58
3771	58
3772	57
3773	56
3774	56
3775	57
3776	59
3777	63
3778	66
3779	70
3780	72
3781	72
3782	72
3783	72
3784	71
3785	70
3786	68
3787	67
3788	66
3789	65
3790	63
3791	61
3792	60
3793	60
3794	61
3795	62
3796	62
3797	62
3798	61
3799	59
3800	59
3801	59
3802	60
3803	62
3804	62
3805	60
3806	57
3807	53
3808	50
3809	47
3810	46
3811	48
3812	51
3813	53
3814	54
3815	55
3816	55
3817	55
3818	57
3819	60
3820	65
3821	68
3822	70
3823	71
3824	70
3825	68
3826	67
3827	65
3828	65
3829	66
3830	66
3831	64
3832	60
3833	58
3834	55
3835	54
3836	54
3837	54
3838	55
3839	56
3840	55
3841	53
3842	52
3843	54
3844	59
3845	64
3846	66
3847	66
3848	64
3849	60
3850	55
3851	50
3852	44
3853	40
3854	39
3855	40
3856	43
3857	45
3858	46
3859	47
3860	49
3861	51
3862	54
3863	58
3864	60
3865	60
3866	59
3867	56
3868	53
3869	51
3870	50
3871	52
3872	55
3873	60
3874	62
3875	64
3876	65
3877	65
3878	66
3879	66
3880	68
3881	70
3882	72
3883	70
3884	67
3885	62
3886	57
3887	53
3888	49
3889	47
3890	43
3891	41
3892	40
3893	41
3894	46
3895	51
3896	56
3897	60
3898	63
3899	65
3900	66
3901	67
3902	67
3903	68
3904	68
3905	67
3906	64
3907	62
3908	62
3909	62
3910	62
3911	64
3912	66
3913	67
3914	67
3915	65
3916	62
3917	60
3918	59
3919	59
3920	60
3921	62
3922	62
3923	61
3924	60
3925	55
3926	52
3927	48
3928	48
3929	49
3930	51
3931	52
3932	54
3933	56
3934	59
3935	62
3936	65
3937	67
3938	67
3939	65
3940	61
3941	57
3942	54
3943	52
3944	53
3945	56
3946	58
3947	60
3948	61
3949	62
3950	63
3951	65
3952	67
3953	68
3954	68
3955	69
3956	68
3957	66
3958	62
3959	60
3960	61
3961	63
3962	63
3963	61
3964	58
3965	55
3966	52
3967	49
3968	48
3969	48
3970	51
3971	53
3972	55
3973	53
3974	50
3975	46
3976	44
3977	44
3978	44
3979	44
3980	45
3981	44
3982	43
3983	42
3984	42
3985	44
3986	48
3987	50
3988	53
3989	55
3990	57
3991	58
3992	60
3993	64
3994	70
3995	74
3996	75
3997	73
3998	69
3999	65
4000	63
4001	61
4002	61
4003	63
4004	65
4005	66
4006	65
4007	62
4008	61
4009	62
4010	65
4011	70
4012	75
4013	80
4014	82
4015	81
4016	76
4017	71
4018	67
4019	64
4020	63
4021	63
4022	65
4023	65
4024	64
4025	62
4026	61
4027	62
4028	62
4029	64
4030	65
4031	65
4032	64
4033	62
4034	60
4035	60
4036	62
4037	64
4038	65
4039	63
4040	60
4041	56
4042	53
4043	50
4044	49
4045	50
4046	53
4047	53
4048	52
4049	50
4050	48
4051	47
4052	44
4053	43
4054	44
4055	46
4056	50
4057	52
4058	53
4059	56
4060	59
4061	60
4062	59
4063	57
4064	57
4065	56
4066	54
4067	53
4068	50
4069	50
4070	50
4071	49
4072	48
4073	49
4074	51
4075	55
4076	59
4077	63
4078	67
4079	70
